-,-,-

-7.597632,5.707951,2.777957
-7.614990,5.473312,2.613350
-7.591646,5.686402,2.816864
-7.629356,5.619961,2.704333
-7.656890,5.621158,2.630110
-7.708966,5.608588,2.749824
-7.632947,5.625947,2.626519
-7.729916,5.587638,2.615745
-7.546754,5.724112,2.576838
-7.213949,5.666649,2.474482
-7.172050,5.663058,2.509798
-6.636929,5.980299,3.331633
-8.187222,5.694183,3.339414
-7.583865,5.915055,3.271776
-6.924841,5.799532,3.464515
-6.574678,5.921640,2.868341
-6.401692,6.031776,2.973090
-6.378946,7.116383,2.324242
-6.826675,6.437606,2.532544
-8.251269,5.700768,2.569655
-8.025609,4.476695,2.787534
-7.781392,3.975693,2.246428
-5.351204,5.236278,2.163825
-5.520000,5.916252,1.966298
-5.895303,4.654470,2.997632
-5.324268,7.239089,3.831438
-4.514405,6.208953,4.116955
-3.369941,4.865764,4.625738
-3.080833,5.074066,4.158256
-4.118751,6.258035,3.412440
-3.983474,7.748471,2.962915
-2.909043,7.591048,3.456135
-3.782355,8.159688,4.608380
-3.788939,8.543370,3.541132
-3.302303,8.508055,4.055901
-2.318855,7.489291,3.470501
-1.535927,7.102616,4.134313
1.034326,8.654106,2.744437
1.552687,5.646298,4.476096
2.365543,10.144542,3.547118
2.240442,6.365778,2.753415
-0.416005,9.372987,5.414652
-1.095979,6.702173,6.030579
4.145088,4.850202,13.181081
11.213585,4.468315,19.611504
9.353832,1.079219,16.575563
3.286142,9.115004,9.372987
-3.331633,-4.440781,-0.183162
5.808510,-9.557346,0.588393
2.927000,-6.925439,7.047547
2.940767,-3.958933,6.559115
1.999817,-9.336474,4.732882
1.929785,-6.241874,4.793338
0.469876,-7.481510,5.819284
-0.652439,-5.751047,4.213325
-1.526948,-8.369187,0.875107
-0.186753,-11.721770,6.987690
-1.054079,-9.177255,2.499622
-2.249421,-10.952609,2.406246
-3.826051,-9.252674,2.840208
-4.714327,-8.889343,3.724294
-2.423604,-7.018217,6.234691
-1.862745,-6.792557,5.791152
-3.536942,-9.416084,5.748653
-3.271177,-6.590241,5.671438
-3.595003,-5.839037,6.585452
-3.150865,-5.151880,7.136135
-4.060091,-4.938790,7.395914
-5.403878,-3.869746,7.759245
-4.131321,-3.468107,8.662486
-3.511802,-4.660455,7.694001
-3.337020,-3.932596,8.110605
-4.414444,-4.625140,8.118985
-3.283149,-3.174808,8.800156
-1.783136,-2.757605,9.729135
-0.736239,-2.179388,9.563930
-1.132491,-3.332830,9.354431
-0.592583,-2.455927,9.475342
-0.933767,-2.636096,9.794978
-0.948731,-2.300898,9.113806
-1.252804,-2.400859,9.463969
-0.653637,-1.391672,9.545973
-1.115133,-1.551490,9.051555
-1.622719,-2.898868,10.027222
-1.492830,-1.553285,9.789590
-1.536525,-1.690357,9.624984
-1.459909,-2.233858,9.390944
-1.626909,-2.467898,9.319714
-1.450331,-2.634899,9.431646
-1.137879,-1.464697,9.061731
-1.955523,-2.526558,9.436435
-1.528145,-1.974079,8.950996
-0.909824,-1.825035,8.931842
-1.010383,-2.232062,9.319714
-1.444944,-2.745036,9.475342
-1.309668,-2.329030,9.759063
-0.945738,-2.379909,9.343657
-0.590787,-2.330826,7.904698
-0.563253,-2.090800,9.124581
-0.557866,-2.227274,9.528016
-0.638672,-2.223084,9.233520
-0.728458,-2.302095,9.425062
-0.664411,-2.145868,9.538192
-0.988835,-2.096187,9.573507
-0.902043,-1.640676,9.243696
-0.705712,-2.003409,9.410696
-0.845777,-2.129108,9.158699
-0.864931,-1.822641,9.561536
-0.935562,-2.227274,9.407105
-0.864931,-1.906441,9.761458
-0.863734,-1.993832,9.508862
-0.684762,-1.959115,9.348445
-0.597970,-1.868731,9.252674
-0.726662,-2.055484,9.204789
-0.584801,-1.951932,8.837268
-0.601561,-1.941158,8.788185
-,-,-

-8.035186,4.819675,2.872531
-8.151907,4.828055,2.899466
-8.101627,4.788549,2.919818
-8.031594,4.764008,2.867144
-8.042967,4.899284,2.922810
-8.055537,4.877736,2.787534
-8.028601,4.798126,3.027560
-8.032791,4.722706,2.900663
-7.970540,4.921431,2.927599
-8.069304,4.951958,2.836018
-8.140534,4.817280,2.895276
-8.003461,4.804112,2.912635
-8.027404,4.865166,2.842602
-8.087261,4.877137,2.973090
-7.971737,4.878933,2.936578
-7.998074,4.844216,2.858165
-8.026806,4.905868,2.924606
-8.017229,4.884320,2.918620
-8.068107,4.974105,2.870735
-8.106415,4.756825,2.949147
-8.030996,4.775979,2.934782
-8.098035,4.899284,2.838412
-8.050748,4.851997,2.927599
-8.108211,4.821470,2.803695
-8.068705,4.851997,2.811477
-8.023813,4.799323,2.868939
-8.093247,4.908263,2.832427
-8.130358,4.896890,2.936578
-7.999271,4.847807,2.840807
-7.984307,4.908263,2.843799
-8.074093,4.947170,2.873728
-8.170462,4.924424,2.809082
-8.032791,4.786753,2.851581
-7.974132,4.836435,2.843799
-7.974132,5.022589,2.882108
-7.934028,4.974704,2.796512
-7.669460,4.911256,2.748627
-7.330670,5.277580,2.835419
-7.600625,5.613975,2.887495
-8.158491,5.497254,3.051503
-7.940612,5.406870,2.890488
-7.804737,5.269798,2.689369
-7.596435,5.240468,2.811477
-7.579675,5.682811,2.773767
-7.510241,5.809707,2.619935
-7.670059,5.607990,2.419414
-7.535979,5.610982,2.445153
-7.975329,5.400286,2.352374
-8.188419,5.143500,2.196148
-8.134548,4.895094,2.265582
-8.246480,4.628731,2.026155
-8.318907,4.052908,2.226076
-8.479324,4.055901,2.279948
-8.230319,4.612570,2.071646
-8.168068,4.867560,2.185972
-7.869981,4.981887,2.207521
-7.639532,4.805309,2.390683
-6.806923,4.614964,2.529551
-5.864776,4.391698,1.501808
-4.126532,2.770774,2.181782
-4.104385,3.475888,3.138295
-5.585244,3.975693,3.949356
-5.810306,5.721718,3.665036
-6.636331,6.736890,4.562290
-6.696786,5.740872,5.630137
-6.776396,5.521197,4.751438
-6.527990,5.250045,3.243643
-5.718725,3.552505,3.920624
-6.344229,2.831828,0.997215
-6.359792,1.932778,1.769369
-6.608796,1.623318,2.390683
-8.596643,1.765179,4.813090
-9.735121,4.416838,6.420846
-10.332492,7.750865,6.970332
-13.388185,10.932857,14.421914
-19.597736,5.941392,1.674795
-11.177671,19.611504,6.244867
2.358959,16.294834,6.593234
-1.964502,5.528979,2.917423
-6.720130,3.481275,0.921197
-4.725101,-0.789512,-0.482446
-6.625556,-7.143917,3.218503
-13.700040,-4.889109,2.087209
-14.315967,2.457124,2.169811
-6.761431,3.143682,4.432999
-8.452987,-2.285933,1.559271
-8.794171,-2.040520,-0.493819
-9.183240,-2.407443,3.262199
-10.718569,0.068835,1.022355
-12.277841,-1.541314,1.889681
-11.509877,-1.809473,-0.326818
-8.646324,2.508002,-0.066441
-7.541366,-1.512583,3.342407
-8.196799,0.044892,0.688353
-7.080469,1.033728,0.711099
-10.592271,3.913442,2.358360
-12.083904,0.624307,0.402238
-11.430267,-1.824437,0.220273
-8.879766,-0.395055,0.887677
-8.117190,0.292101,-0.589590
-8.156096,0.724268,-1.876512
-10.031412,-0.116122,-0.939154
-11.026832,0.387872,-1.808276
-10.975954,-1.272557,-2.136291
-11.183657,-1.628106,-2.427794
-10.892753,-0.257983,-2.538529
-9.548367,-0.236434,-2.178191
-8.909096,-0.017358,-2.665426
-9.316721,0.469277,-1.751411
-10.143345,-0.307065,-1.789121
-10.679662,-0.796096,-2.119531
-10.085283,-0.051476,-1.857358
-9.760261,1.283331,-1.841197
-11.041198,0.098165,-0.776343
-10.213976,0.790110,-1.416812
-9.453793,-0.461496,-0.858347
-9.304151,0.356148,-2.126115
-9.769838,-1.418009,-1.579622
-9.660898,-0.360338,-1.189954
-9.979337,-1.062459,-1.459310
-9.585479,-0.937358,-1.262381
-9.204789,-0.115523,-0.975666
-9.689031,-1.163018,-1.619726
-9.495693,-0.875705,-1.962706
-9.914093,-0.745816,-1.397657
-9.973351,-0.838594,-1.857957
-9.659701,-0.690149,-1.933975
-9.492700,-0.886480,-1.936369
-9.674067,-1.137879,-1.965699
-9.517840,-0.645855,-2.123721
-9.462772,-0.555471,-1.744229
-9.876383,-0.651841,-2.296708
-9.793780,-0.936760,-1.885491
-9.791386,-0.826024,-1.868731
-9.736318,-0.764970,-2.273363
-9.528615,-0.587195,-2.121327
-9.638751,-0.510579,-2.387091
-9.709981,-1.210904,-1.982459
-9.969760,-0.855354,-2.193754
-9.653715,-1.153441,-1.983058
-9.823709,-0.501001,-2.278152
-9.557346,-0.539908,-2.607963
-9.690827,0.026337,-2.108158
-9.091061,-0.909225,-1.346180
-9.249083,-0.276538,-1.718490
-10.780222,-1.074430,-1.209707
-10.036799,-0.140065,-1.814860
-10.206194,-0.237033,-1.796903
-10.091269,-0.310058,-1.317449
-10.885570,0.153832,-1.035523
-9.701601,1.623916,-1.291711
-9.174262,-0.110136,-1.330019
-9.644737,0.785920,-0.805074
-9.755472,0.068835,-1.231255
-9.729734,-0.543500,-1.372518
-9.716565,-1.337801,-1.165413
-10.051165,-0.402836,-1.438959
-9.596851,-0.501001,-1.075627
-9.771633,-0.129889,-1.360546
-9.745296,-0.483044,-1.180377
-10.151725,-0.092179,-1.477866
-10.181653,-0.367521,-1.360546
-9.739311,-1.263578,-1.163018
-9.434639,-0.888874,-1.377306
-9.583683,-0.416005,-0.909824
-9.985322,-0.960702,-1.264177
-9.856630,-0.461496,-1.148054
-9.827300,-0.336395,-1.015771
-10.018842,-0.763175,-1.526948
-9.903917,-0.513571,-0.717085
-9.896136,-0.796096,-1.094183
-9.715967,-1.076226,-1.280338
-9.762056,-0.701522,-1.322836
-9.879376,-0.762576,-1.248614
-9.847053,-1.033728,-0.991828
-9.785400,-0.870917,-1.247417
-9.935641,-0.679375,-1.006792
-9.830293,-0.910422,-1.134886
-9.726741,-0.438750,-1.043305
-9.704594,-1.024151,-0.930175
-9.873989,-0.682368,-1.100169
-9.942824,-0.961301,-1.017566
-9.736318,-0.715888,-0.804476
-9.945218,-0.492622,-1.171997
-9.842863,-0.811659,-1.042706
-9.830293,-0.897254,-1.109746
-9.893143,-0.832010,-1.273754
-9.809942,-0.883487,-1.043903
-9.908706,-0.781132,-1.239635
-10.009265,-0.864333,-1.219882
-10.026624,-1.024749,-1.040312
-9.481328,-0.766766,-1.048093
-9.613013,-0.617722,-1.027742
-9.894340,-0.509381,-0.878698
-10.141549,-0.852960,-0.976265
-10.089473,-0.939752,-0.834404
-9.714171,-0.757787,-0.987638
-9.702798,-0.622511,-1.157033
-9.880573,-0.897853,-1.235445
-9.875186,-0.983448,-0.788913
-9.884763,-1.048093,-0.858347
-,-,-

-7.264229,6.392713,2.202732
-7.294756,6.232895,2.348184
-7.083461,6.284971,2.164424
-7.219935,6.384333,2.173402
-7.151100,6.366376,2.221288
-7.103813,6.337046,2.281743
-7.039167,6.603409,2.312869
-6.854808,6.614782,2.203331
-6.831464,6.691399,2.286532
-7.039167,6.672843,2.264385
-7.036773,6.445986,2.258998
-6.835654,6.502251,2.229668
-7.356409,6.480104,2.100976
-7.539571,6.314899,2.287130
-7.168458,6.332856,2.167417
-7.107404,6.042550,2.050696
-7.230709,6.428627,1.955523
-7.286975,6.098816,2.077033
-7.533585,6.084450,1.985452
-7.317502,5.956955,2.179987
-7.309720,5.904880,2.075836
-7.649707,5.658269,2.005803
-7.340846,6.311308,2.323045
-7.368380,6.194587,2.183578
-7.280989,6.152089,1.901054
-7.181028,6.047938,1.626909
-6.869174,6.107196,1.802290
-6.420247,6.311308,1.934574
-6.344828,6.148497,1.527547
-6.529785,4.424619,2.663630
-5.053116,5.080052,2.424801
-4.247443,4.608380,2.821652
-3.583032,5.255433,2.516981
-5.086636,3.211919,3.495042
-6.633936,8.379961,2.846792
-7.164268,8.245283,5.229096
-7.822694,7.393520,4.515602
-4.746051,6.063500,4.781965
-5.965335,10.065531,3.897879
-4.994457,10.617411,3.979883
-5.499050,11.011269,4.125335
-5.019597,11.406324,4.418634
-5.453559,11.743319,4.634717
-4.913650,10.184047,4.143292
-2.109954,6.915264,1.180976
1.888484,1.041509,0.917605
3.741054,-2.604372,0.074222
2.780351,-5.083643,-1.403045
-3.241848,1.076825,0.597371
-8.011243,9.036591,-0.243617
-11.312349,2.266779,1.829225
-16.185297,-0.739232,0.790709
-9.009057,3.405855,9.316123
-14.912141,19.611504,19.611504
-19.611504,12.942850,4.194769
-1.139674,19.611504,6.531581
11.587092,11.450020,2.358959
-1.589199,-6.091633,1.777749
-3.145478,2.853376,7.412674
-8.608614,1.401847,0.601561
-9.714171,0.596174,5.834847
-12.730358,-0.924190,3.398673
-11.129786,4.123539,4.186389
-9.092258,2.414027,3.854183
-6.785973,0.648249,1.706519
-7.321093,0.383682,1.850175
-8.658894,2.990449,1.960312
-9.805752,1.465296,2.935979
-11.423683,1.089395,3.985270
-9.629174,3.852388,3.668627
-8.621783,2.601379,3.510605
-9.386754,1.782537,3.034743
-9.882369,1.286324,2.508002
-8.785791,1.671802,2.830631
-9.207183,2.160234,2.553494
-9.541184,1.106753,2.790527
-9.415485,1.283929,3.119740
-9.706389,1.304281,2.834821
-9.274223,0.813454,2.809082
-9.808146,0.392062,2.515185
-8.775017,0.876903,2.800702
-8.936630,1.117527,2.727677
-9.104229,0.436356,2.884502
-9.960183,1.145061,2.751620
-9.447808,0.887677,2.552895
-9.249083,0.783526,2.218295
-9.290384,0.183162,1.967495
-9.804555,0.032921,2.157241
-9.927860,1.164814,1.965699
-9.201796,0.234638,2.232661
-10.011659,1.259388,2.387091
-10.081692,0.609342,1.643071
-9.589669,0.597970,2.421210
-9.696812,0.505790,1.880702
-9.919480,0.204710,1.913624
-9.684242,0.792504,1.625712
-9.534600,0.346571,1.799896
-9.419076,0.652439,2.099778
-9.834483,0.678178,1.886688
-9.757268,0.271151,1.957319
-9.709981,0.563253,2.007599
-9.700404,0.652439,1.968093
-9.536396,0.332804,2.209317
-10.104438,0.603357,1.796304
-9.558543,0.537514,1.442550
-9.808146,0.408822,1.608354
-10.108029,-0.047286,1.340793
-9.975745,0.116122,1.057072
-9.612414,-0.286115,1.728666
-9.626181,0.253793,2.233259
-9.673468,0.817644,2.387690
-9.298764,1.231255,2.581626
-9.866207,1.653246,2.630110
-9.447808,2.002810,3.095198
-9.388549,1.462901,3.317866
-9.211373,1.353962,2.944359
-8.784594,1.338998,3.402264
-8.779805,1.887287,3.085621
-8.608016,2.352374,3.355576
-8.586467,1.796903,4.112166
-8.335069,1.962706,4.309096
-8.055537,2.144671,4.913650
-7.874769,3.343006,4.759818
-7.509044,4.445569,4.586831
-6.593832,4.501835,4.725699
-6.131139,4.400677,5.359584
-5.576265,4.107976,5.235081
-4.593416,5.765413,6.392713
-4.850202,7.571295,5.188393
-4.018790,8.532596,5.578660
-4.629928,8.536188,5.088432
-5.233884,6.583657,5.523591
-4.576057,6.894314,5.105790
-4.695771,7.483904,4.959740
-4.556903,6.788966,5.260221
-5.115368,7.125960,5.093220
-4.449161,7.275003,4.989070
-4.300716,7.281588,5.134522
-4.817280,6.858400,5.188991
-4.505426,6.993676,5.312895
-4.474300,6.921848,5.526584
-3.928406,7.881952,5.582251
-3.855979,4.531164,5.752245
-3.831438,7.618582,5.289551
-3.481275,6.862590,5.679219
-3.855380,6.622564,5.261418
-3.481874,7.693403,5.627144
-3.226883,10.161302,5.912062
-2.856369,9.096448,4.504229
-3.116148,7.207365,5.137515
-3.421418,7.067899,5.153077
-3.647677,6.894912,5.530774
-3.937983,7.655693,5.149486
-3.609967,7.634145,5.232088
-3.278959,7.869981,4.963331
-3.483071,6.949382,4.922030
-3.666233,7.518022,4.892101
-3.820663,7.680833,4.871750
-3.941574,7.388133,4.798725
-3.674014,7.664672,4.771789
-3.641093,7.543162,5.008822
-,-,-

-7.464151,-7.069096,2.626519
-6.805127,-7.116383,1.661626
-6.246662,-6.729707,1.913624
-7.241484,-5.815693,3.074248
-7.978322,-2.850384,4.789148
-7.417463,-6.323279,2.829434
-7.337255,-3.548913,5.512817
-6.984698,-3.122134,3.283747
-7.662876,-4.385114,5.071073
-7.187014,-4.341418,5.143500
-7.334860,-4.008015,3.975094
-7.605413,-2.217098,5.505634
-8.079480,-3.682993,5.005231
-8.024411,-2.358959,5.921041
-7.862199,-3.103578,5.111776
-8.019024,-2.620533,4.884919
-8.262642,-2.654652,4.653273
-8.296760,-2.695953,4.548523
-7.305530,-2.855771,4.128328
-7.811321,-3.881119,3.874535
-8.050150,-4.060690,4.045127
-8.690618,-3.872140,3.275966
-6.475316,-4.093611,3.499831
-6.972726,-4.107976,1.793311
-5.815693,-5.988081,-0.223864
-5.154275,-6.918256,2.701340
-5.123748,-5.126740,3.108965
-4.049317,-5.965335,3.653663
-2.941366,-4.841223,2.641483
-3.802108,-5.309304,0.908028
-3.350787,-6.185010,5.593025
-4.025973,-5.948575,2.317059
-3.712921,-6.118569,4.965127
-3.905660,-7.449785,3.057488
-3.705738,-7.406090,1.911229
-3.208328,-8.239896,3.247235
-1.889681,-8.904307,2.190761
-0.961301,-7.783787,1.936968
3.300507,-8.153702,0.269355
1.832817,-7.291763,3.656656
5.621757,-6.934418,-0.048484
5.801327,-9.678855,-0.925387
6.410670,-10.389356,0.106545
10.413299,-8.451789,-3.427404
16.193678,-9.528615,-8.268029
19.611504,-5.160859,-3.196955
15.768693,0.973871,-3.499831
13.150554,2.873728,0.047286
9.715967,-0.928978,-0.925387
6.572284,-0.902043,-3.317866
7.339649,-0.590188,-0.674586
8.719948,-2.009395,-1.155836
9.423865,-1.186363,-2.064463
11.664906,1.579024,-1.138477
11.368016,-0.840989,-2.833624
8.688224,1.932179,-2.675003
7.453377,1.757996,-4.244450
8.299753,1.457514,-3.705738
8.658894,1.406037,-2.220091
8.628966,1.678985,-2.930592
9.006064,0.650045,-2.896473
9.779415,1.022355,-1.337801
9.001275,2.667820,-4.207937
9.609421,0.591385,-3.943969
9.399324,1.935771,-2.472687
9.863214,1.186363,-1.541912
9.161093,0.936161,-1.875914
10.225947,0.928380,-0.661418
8.697801,0.536317,-1.968692
10.008667,-0.344775,-1.359349
9.792583,1.188158,-0.899648
10.201406,0.197527,-1.653246
9.460976,1.379102,-0.424983
11.007079,1.777749,0.459102
10.072713,0.832010,-0.106545
10.306155,0.760182,1.066649
10.065531,1.139674,1.840000
9.815927,-0.004189,-1.820845
9.505270,1.055276,1.330618
10.424073,-0.171190,1.634092
9.575901,-0.199921,0.885881
9.683644,-0.697931,1.466493
9.555550,-0.116720,1.628106
9.659102,-0.312452,1.655641
9.221549,0.113129,1.064255
9.472948,0.547091,0.921197
9.884763,0.719479,1.556877
9.689629,0.864931,0.594378
10.054158,0.684164,1.113936
9.757866,1.061860,1.068445
9.838673,0.849368,0.759583
9.614808,0.756590,0.845178
9.701601,0.911021,1.109746
9.692024,0.940351,1.282732
9.713572,0.423786,0.924190
9.648927,0.988236,1.096577
9.815927,1.006792,1.620325
9.602238,0.909225,1.062459
9.788992,0.826623,1.461704
9.612414,0.686558,1.475471
9.465765,0.820637,1.265374
9.686038,1.197735,1.565855
9.815927,1.160026,1.683773
9.659102,0.905634,1.186363
9.677658,1.016369,1.180377
9.774626,0.944541,1.346180
9.650723,1.207911,1.530540
9.763852,1.222277,1.511984
9.670475,1.184567,1.221678
9.435238,1.632895,1.256395
9.373585,0.940351,0.833806
9.466962,1.364138,1.194743
9.604633,1.341392,1.579622
9.726142,1.312062,1.203721
9.985322,1.614938,1.252205
9.972752,1.230657,1.562264
9.402317,1.133689,1.505400
9.292180,1.040910,1.541314
9.390345,0.959505,1.490436
9.582486,0.849368,1.716695
9.396331,1.045699,1.223474
9.757866,1.400052,0.973871
10.075706,1.646662,1.713702
9.869200,1.297098,1.597579
9.554353,1.413819,1.452726
9.686038,1.145660,1.416213
9.451399,0.891867,1.413220
9.587274,0.788314,1.092986
9.343657,1.840598,1.310865
9.813533,1.264775,1.199531
9.333481,1.619726,0.238828
9.675862,1.898659,1.264775
9.235316,1.802290,1.811268
8.701991,1.576031,0.964892
8.889343,1.531138,1.029538
8.919870,2.054287,2.176395
9.081484,2.160234,2.012387
9.175459,2.563669,2.491841
10.155316,3.334027,-0.630292
9.252674,3.756018,2.648666
8.644529,4.223500,2.476278
8.888745,4.913051,2.673806
9.283800,4.465322,2.439167
8.357814,4.460533,1.249811
8.093845,4.300716,1.682576
7.705374,5.725908,1.730462
8.444008,4.742459,2.379909
7.784984,5.510423,1.701132
8.178244,5.388315,2.641483
7.309720,5.777385,2.284736
7.332466,5.388913,2.080624
7.588653,5.555914,2.401457
7.336656,5.769603,2.307482
6.966142,5.925830,2.859961
6.896109,5.219518,3.051503
7.015225,6.249655,2.962915
7.319896,5.982095,3.589017
6.141913,6.341835,3.654860
6.601614,5.710943,3.408250
5.737280,6.708757,3.641093
6.284372,7.067899,4.393494
5.354196,6.700377,3.763799
6.767417,6.410072,3.511802
5.850410,6.901497,4.130722
5.839037,7.316305,4.458738
5.494262,7.769421,4.188185
6.953572,7.091841,5.544541
5.146493,7.570696,4.026571
5.038152,6.058712,4.197762
5.820481,6.826077,4.877137
5.080052,6.470527,4.453949
4.562290,7.090644,4.886116
5.019597,7.106806,5.554118
4.370748,6.852414,5.086636
3.701548,6.921249,4.660455
4.329447,8.253663,6.172440
4.383318,7.507248,5.916252
-,-,-

-9.202395,2.475081,2.071047
-9.414886,2.377514,2.634899
-9.384359,2.454730,2.882706
-9.158100,2.421808,1.999219
-9.414288,2.512791,1.930982
-9.271230,2.573845,2.844398
-8.863605,2.481067,2.232661
-9.104828,2.755211,2.100976
-9.120989,3.037736,2.656447
-9.351438,2.674404,1.875315
-9.526819,2.431386,2.643279
-9.213169,2.263786,2.529551
-9.098842,2.304489,1.742433
-9.420274,2.727677,2.597189
-9.325700,2.798308,2.472687
-9.180248,2.552296,1.939961
-9.288588,2.532544,2.316460
-9.251477,2.552296,2.294912
-9.310137,2.578633,1.965699
-9.241302,2.678594,2.063864
-9.251477,2.771373,2.522967
-9.179649,2.564866,1.969290
-9.211373,2.726480,2.352374
-9.183240,2.886298,2.716903
-9.225140,2.733064,1.884294
-9.263449,2.698347,2.086610
-9.246090,2.685179,2.387091
-9.052752,2.548705,1.905244
-9.244893,2.719896,2.124320
-9.384958,2.837215,2.314665
-9.385557,2.754613,1.723877
-9.261054,2.731268,1.888484
-8.977333,2.611555,2.119531
-9.007261,2.460117,1.519167
-9.173663,2.785140,2.050696
-9.383761,3.086818,2.827039
-9.192817,2.941965,2.111750
-9.156903,2.816265,1.829824
-9.430449,2.919818,2.612153
-9.174262,2.698347,2.300299
-9.173663,2.655849,1.744229
-9.209577,2.710917,1.788523
-9.245492,2.737254,1.626909
-9.159298,2.535536,1.744827
-9.044372,2.536734,2.314066
-9.130566,2.492440,1.840000
-8.955784,2.762394,1.834613
-8.440417,3.290930,2.087807
-7.897515,3.373533,1.286922
-7.817905,3.782355,0.894860
-8.437424,3.756018,0.051476
-8.858218,4.030761,0.621314
-8.907300,4.276773,1.522160
-9.454991,5.096213,2.180585
-10.597658,5.466129,2.054886
-11.199818,6.023396,3.392088
-0.475862,7.492882,9.709981
-0.763773,1.981262,1.219882
-1.574235,-0.220871,-0.930175
-1.682576,-0.951724,-1.094183
-0.833207,-0.805074,-1.692153
-1.197735,-1.189954,-1.006792
-1.084007,0.317241,1.169603
-0.511776,-0.799089,0.047286
-0.778737,2.745036,2.464905
10.736526,-13.373221,1.546701
1.341392,16.885023,3.899675
-2.596590,-0.730852,0.609342
19.611504,4.433598,-9.817125
4.402472,-5.254235,-9.217359
9.059935,-18.727419,-19.611504
3.735667,-4.054105,-9.428055
0.124502,-5.431412,-13.726975
2.846792,-1.297098,-8.054340
2.726480,-1.449733,-8.677450
2.712114,-1.228861,-9.837476
2.642082,-1.195341,-9.621991
2.649265,-1.215693,-9.630371
2.692960,-1.242030,-9.633364
2.618139,-1.190553,-9.612414
2.674404,-1.253402,-9.663292
2.653455,-1.230657,-9.620794
2.667222,-1.204320,-9.597450
2.670813,-1.259987,-9.656708
2.665426,-1.208510,-9.633364
2.653455,-1.221678,-9.641744
2.680989,-1.248015,-9.614808
2.692361,-1.244424,-9.650124
2.651659,-1.237840,-9.568719
2.680989,-1.231854,-9.676461
2.634899,-1.230058,-9.559740
2.658243,-1.245022,-9.659701
2.637293,-1.244424,-9.597450
2.652856,-1.239635,-9.612414
2.665426,-1.258789,-9.633963
2.646272,-1.213897,-9.599246
2.669616,-1.252804,-9.639350
2.664827,-1.248614,-9.617801
2.667820,-1.219284,-9.628575
2.634300,-1.240234,-9.624385
2.671412,-1.246220,-9.626181
2.630709,-1.233051,-9.602238
2.665426,-1.265374,-9.605830
2.633702,-1.267169,-9.583683
2.646272,-1.249212,-9.655511
2.655849,-1.237241,-9.598048
2.683982,-1.265972,-9.659701
2.658842,-1.262979,-9.572909
2.668419,-1.251008,-9.616604
2.667222,-1.236044,-9.620196
2.630709,-1.264775,-9.620794
2.643279,-1.261184,-9.604633
2.648067,-1.277345,-9.592661
2.658243,-1.256395,-9.641744
2.607963,-1.222875,-9.581887
2.634300,-1.221080,-9.684841
2.616942,-1.262381,-9.693221
2.643279,-1.272557,-9.674067
2.642680,-1.219882,-9.618998
2.622928,-1.274951,-9.595056
2.677996,-1.268965,-9.614210
2.606766,-1.274352,-9.599844
2.667222,-1.277944,-9.637554
2.636096,-1.278542,-9.607027
2.657644,-1.256994,-9.642941
2.651659,-1.267768,-9.610618
2.634300,-1.247417,-9.587873
2.645075,-1.259987,-9.607027
2.669017,-1.276747,-9.612414
2.659440,-1.249811,-9.610020
2.657046,-1.270162,-9.599844
2.633103,-1.275549,-9.623787
2.649863,-1.261782,-9.596253
2.683982,-1.277345,-9.618400
2.657046,-1.252205,-9.620794
2.644476,-1.279141,-9.607027
2.649265,-1.264775,-9.584281
2.651060,-1.271359,-9.601041
2.650462,-1.282134,-9.599844
2.643877,-1.268965,-9.615407
2.641483,-1.276148,-9.572310
2.668419,-1.283929,-9.618998
2.640885,-1.268965,-9.576500
2.667820,-1.280338,-9.613013
2.646870,-1.281535,-9.590866
2.683383,-1.271359,-9.630970
2.607963,-1.277345,-9.573507
2.680390,-1.262381,-9.627378
2.654053,-1.285126,-9.615407
2.648067,-1.262979,-9.566923
2.661834,-1.278542,-9.636357
2.655250,-1.267169,-9.553754
2.676799,-1.267169,-9.618998
2.642082,-1.271958,-9.572310
2.651060,-1.264177,-9.617801
2.671412,-1.280937,-9.578296
2.652856,-1.267768,-9.617203
2.643279,-1.267169,-9.611816
2.621132,-1.284528,-9.582486
2.654652,-1.277944,-9.633963
2.658243,-1.277944,-9.588471
2.642082,-1.283929,-9.610618
2.643877,-1.282134,-9.608823
2.660637,-1.275549,-9.605830
2.645075,-1.274951,-9.603436
2.645673,-1.289915,-9.612414
2.652257,-1.283929,-9.578894
2.649863,-1.282732,-9.607027
2.646870,-1.298295,-9.626181
2.647469,-1.274951,-9.618998
2.639687,-1.277944,-9.584281
2.662433,-1.270761,-9.614808
2.661236,-1.282134,-9.612414
2.657046,-1.285126,-9.589070
2.643279,-1.279739,-9.591464
2.640885,-1.285725,-9.602238
2.622329,-1.277345,-9.612414
2.640885,-1.294704,-9.602238
2.619336,-1.295302,-9.599246
2.669616,-1.272557,-9.583084
2.648067,-1.300689,-9.633364
2.653455,-1.315055,-9.595056
2.646870,-1.279141,-9.615407
2.654053,-1.286922,-9.598048
2.619336,-1.290514,-9.603436
2.652257,-1.285126,-9.601640
2.616942,-1.291711,-9.573507
2.654053,-1.307274,-9.638751
2.663032,-1.303084,-9.595056
2.624125,-1.285126,-9.618400
2.627716,-1.292908,-9.591464
2.636096,-1.295901,-9.601640
2.637892,-1.295901,-9.613013
2.655849,-1.315653,-9.632167
2.645673,-1.309069,-9.586077
2.642082,-1.297098,-9.585479
2.644476,-1.304281,-9.621991
2.641483,-1.279141,-9.580690
2.645075,-1.301288,-9.607027
2.655250,-1.292309,-9.618400
2.654652,-1.310266,-9.614808
2.633103,-1.304879,-9.592661
2.654053,-1.294704,-9.614808
2.649265,-1.305478,-9.633963
2.662433,-1.326428,-9.642343
2.628315,-1.286922,-9.575303
2.647469,-1.288718,-9.620196
2.630709,-1.290514,-9.573507
2.639089,-1.280937,-9.603436
2.628315,-1.298894,-9.585479
2.634899,-1.287521,-9.603436
2.647469,-1.294704,-9.639350
2.656447,-1.288119,-9.592063
2.642082,-1.274951,-9.590866
2.666024,-1.313259,-9.645335
2.610358,-1.294105,-9.569916
2.649265,-1.328822,-9.654912
2.660637,-1.326428,-9.585479
2.810280,-1.098972,-9.626181
3.305894,-2.154248,-10.512661
3.463917,4.227092,-19.611504
-1.863942,-5.151880,-12.225166
-1.349173,19.611504,-19.443905
2.977280,-7.155888,-13.723982
-0.920598,-8.458374,-8.359610
4.309096,4.524580,0.326818
0.830813,-0.463890,-2.247026
1.623318,-4.869356,3.666233
7.131945,-8.759454,7.245674
2.740247,-6.827873,1.234248
0.130487,-4.526376,11.528433
1.996825,-4.085829,11.172883
1.661626,-5.446975,3.030553
2.619336,-5.342225,7.181627
-1.498816,-7.573689,3.421418
2.517579,-5.133923,16.058998
0.599167,-4.163045,11.141757
-1.270761,-5.126740,9.492102
-1.751411,-4.904073,10.083488
0.201119,-3.531555,9.786598
-,-,-

3.105972,1.590397,9.007860
3.176604,1.805283,8.930046
2.976083,1.649655,8.810931
2.980273,1.799297,9.139545
3.430995,1.850175,9.142538
3.289134,1.796903,8.955784
3.092205,1.866337,9.143136
3.430397,1.931581,9.286793
2.993442,1.811268,9.042577
3.486662,1.848978,8.582277
3.538139,1.919011,8.241692
3.607573,1.693949,8.656500
3.666233,1.407234,7.823292
3.620143,1.480260,6.252049
3.474092,0.764970,4.709538
2.598985,0.871516,4.134912
1.791516,1.495823,4.831646
0.899050,1.622121,3.228679
0.833806,0.683565,1.034326
1.136681,0.790110,-0.137072
0.887078,1.280937,-0.959505
0.791906,1.652049,0.303474
0.553676,0.693142,0.271750
0.133480,0.125699,1.194743
-1.131893,-0.901444,1.847781
-1.891477,-1.182173,2.734261
-19.611504,-19.611504,19.611504
-7.654496,1.036122,-5.849811
-5.282368,1.241431,-0.705712
3.797918,5.644502,0.670396
1.037319,3.258607,-0.474664
1.176187,4.399479,-0.011971
5.351204,5.412856,0.597371
-0.706311,1.547300,-0.489629
2.354769,-2.794118,19.497177
1.710110,3.040130,2.030943
2.440963,-6.908679,8.967756
-0.674586,-0.651242,9.468758
0.639869,0.340585,10.091868
0.148445,0.585400,9.440026
1.371320,0.054469,9.205387
0.345374,-0.538711,10.167287
1.003201,-0.062251,9.604633
0.732648,0.182563,9.730332
0.507586,-0.062849,8.608016
0.721275,1.431776,10.749096
0.631489,0.564450,9.504672
0.296291,0.442940,9.396331
0.977462,0.605152,9.390944
0.202316,0.111333,9.540586
1.025348,0.708106,9.393937
0.429173,1.107950,9.926663
1.922004,0.093376,10.833494
0.629095,1.194743,9.558543
1.036122,0.638672,9.688432
-,-,-

-4.166038,-0.284320,9.805153
-3.000624,0.624905,8.789382
-2.906649,1.347976,8.946207
-2.105166,1.619726,9.993104
-1.552687,1.097176,9.175459
-1.511984,1.941756,9.214366
-1.674795,2.061470,10.805960
-2.332622,1.658035,9.049760
-1.823240,3.027560,9.291581
-1.441353,2.605569,10.370801
-2.256603,2.501418,8.706780
-1.734053,2.417020,9.063527
-1.523357,2.569655,9.196409
-1.873520,2.931789,8.907300
-2.000416,2.814469,8.885153
-1.051086,3.545920,10.097255
-1.958516,3.641093,8.989304
-1.783136,3.062875,8.319506
-1.116330,3.085621,9.422668
-1.469486,2.824047,8.405700
-1.078620,2.913233,8.857619
-1.570045,3.122134,8.788185
-1.794508,2.787534,8.749877
-1.997423,2.949746,8.958179
-1.565855,3.031151,9.114405
-1.792114,2.979076,9.207782
-1.834014,3.182589,9.414288
-1.707117,3.198751,9.246090
-1.502407,3.063474,9.333481
-1.955523,3.368744,9.474145
-1.708315,3.070657,9.191620
-1.455719,3.196955,9.314925
-1.778347,3.064073,8.622980
-0.958907,3.081431,9.086871
-1.444346,2.824645,8.282394
-0.212491,2.506207,7.508445
0.476460,2.164424,6.851815
1.227065,1.507794,6.713546
0.669199,1.176786,6.632739
-0.471073,0.506389,4.987872
0.435758,-0.123903,4.309694
0.467482,-0.967885,3.341210
-3.791334,2.516981,0.035315
0.536916,-0.515966,-0.684762
5.382329,0.641665,-0.843981
0.121509,4.640703,5.536760
7.295355,-0.431568,2.077033
4.656265,-6.219128,-3.884710
-2.892882,-16.832949,19.611504
-10.090671,-18.436514,19.611504
-3.414834,-9.762655,19.611504
-11.806767,8.191412,0.355549
0.660819,2.437371,0.439349
2.708523,3.020377,1.153441
6.997268,-6.589642,12.507092
2.031542,-0.307065,9.973351
1.474873,-1.503005,8.293767
0.383083,-0.971476,11.888172
-0.786519,2.367937,9.205986
0.109538,0.016759,9.837476
-0.286115,-0.354951,12.820742
-1.267768,1.559870,9.071308
-0.036512,1.112739,9.660300
1.061860,-0.887078,10.443826
-0.627898,0.666805,9.679454
-0.192739,0.634482,9.589070
0.068835,-0.325022,9.820716
-0.684762,0.858347,9.415485
-0.297488,0.560260,9.620794
-0.903240,-0.334599,11.111829
0.290305,-0.086193,9.158100
-,-,-

0.023942,4.880729,9.934444
-0.133480,3.964320,9.109018
-0.022745,3.988861,8.359011
0.196330,3.783552,8.941419
-0.101756,3.992453,9.040781
0.125699,4.022381,8.654106
0.704515,4.104984,8.722941
1.222875,4.601197,8.842056
1.061262,4.853194,8.247678
2.279349,4.737072,8.186623
2.686376,4.800520,8.446402
2.376916,4.881926,7.822694
3.609369,4.541939,7.348627
3.517189,4.332440,5.430215
4.094808,3.199349,5.090228
4.186389,1.940559,4.502433
3.216708,0.590787,2.270969
1.996226,-0.801483,-0.148445
-0.054469,-0.818243,-0.196929
-1.449733,-0.414209,-1.344983
-1.760390,-0.234638,-2.339206
3.159245,-0.510579,-1.522160
4.421626,-2.625322,-0.571034
-1.395862,-5.030371,2.686974
-3.845803,-6.158074,1.855562
10.506676,-2.886896,17.579962
0.477059,19.611504,19.611504
-2.499622,-3.587820,14.898973
-2.566662,-1.898061,2.102173
3.300507,-2.864749,1.790318
6.786571,11.274639,19.611504
-0.688353,2.965309,8.214756
-0.894860,2.540924,8.256656
-0.043695,-1.432374,9.299363
0.399245,-1.352166,9.238309
-1.152244,-1.012778,10.066728
-0.050878,-0.383083,10.097853
-0.229850,-0.559063,9.342460
-0.076018,-1.149850,9.501679
-1.209707,0.794300,11.587092
0.005985,-1.534730,10.007469
0.788913,0.493220,10.236721
-0.217879,0.654834,10.896943
-0.275940,-2.035732,7.201978
-0.144255,0.127495,10.045778
-0.098165,-0.342381,9.670475
-0.279531,-0.052674,9.812935
-0.289707,-0.356148,9.354431
-0.111932,-0.048484,9.742902
-0.230448,-0.272947,9.657307
-0.267560,-0.090982,9.724945
-0.177774,-0.292700,9.657307
-0.223864,-0.226857,9.525622
-0.401639,-0.319635,9.536994
-0.256785,-0.167599,9.553156
-0.299284,-0.445335,9.805752
-0.296890,-0.254990,9.642941
-0.471073,-0.293298,9.878777
-0.177774,-0.246011,9.718959
-0.499804,-0.239427,9.591464
-0.271750,-0.108340,9.404711
-0.391463,-0.236434,9.702798
-0.423786,-0.249004,9.664490
-0.336395,-0.160416,9.732128
-0.456707,-0.208900,9.724945
-0.440546,-0.035914,9.689031
-0.454912,-0.148445,9.582486
-0.433962,-0.061054,9.567521
-0.365725,-0.176577,9.569916
-0.502199,-0.034716,9.796773
-0.345374,-0.071828,9.734522
-0.435159,-0.173584,9.592063
-0.447130,-0.026337,9.842264
-0.425582,-0.035315,9.570514
-0.337592,-0.232244,9.742902
-0.498009,-0.012569,9.611816
-0.311854,-0.014365,9.538192
-0.511177,-0.084996,9.750085
-0.310657,-0.127495,9.656708
-0.506389,0.010774,9.835082
-0.413610,-0.140065,9.537593
-0.407026,-0.096968,9.775823
-0.492023,-0.126297,9.730332
-0.381886,0.038906,9.564529
-0.301080,-0.153832,9.666285
-0.527937,0.020949,9.820117
-0.256785,-0.065243,9.544776
-0.474066,0.079609,9.677060
-0.380689,-0.032322,9.710579
-0.398048,0.080806,9.733325
-0.447130,0.067638,9.696214
-0.325022,0.009577,9.559740
-0.404632,-0.001795,9.668081
-0.410618,0.140663,9.676461
-0.453116,0.087989,9.748888
-0.378295,0.144853,9.608224
-0.375901,0.108340,9.732128
-0.398048,0.161014,9.793182
-0.457306,0.184359,9.667482
-0.449525,0.067039,9.524425
-0.275940,0.001795,9.457385
-0.126297,0.462693,9.947014
-0.212491,0.530930,9.565726
-0.156824,0.208900,9.762655
0.090383,0.670396,10.379779
-0.034716,0.335797,9.544776
-0.427378,0.090982,9.495095
-0.249603,0.445335,9.768641
-0.161613,0.178373,9.547170
0.268158,0.489629,9.753078
0.234638,0.781132,9.460378
-0.191541,0.750605,9.566324
0.270553,0.720078,9.777021
-,-,-

8.955186,-3.218503,2.002810
9.006064,-3.340013,2.095588
8.949200,-3.273572,2.139284
8.956981,-3.209525,2.127911
9.055147,-3.215511,2.072843
9.111412,-3.267586,2.165621
9.183240,-3.235862,2.263786
8.968354,-2.906050,2.032140
8.989903,-2.868939,1.938165
9.318517,-2.856369,1.854365
9.432245,-1.480858,1.729863
9.360417,-2.927599,2.235654
8.281796,-0.962498,2.144671
6.791360,-1.692153,1.265972
5.087235,-0.946935,1.758594
3.999037,-1.284528,1.313259
5.637918,-2.775563,1.652648
3.562082,-3.277163,6.135927
2.817462,-4.583240,-0.803279
3.049108,-4.206142,9.213169
6.083852,-5.476304,2.326636
8.509252,-4.319271,4.381522
4.317475,-3.124528,6.158673
3.064073,-5.604997,8.110605
4.120546,-3.734470,5.688198
0.755393,-5.961744,4.710137
-0.395055,-7.497072,5.123149
-3.001223,-8.628966,4.662251
-5.901887,-11.667899,7.327677
-9.897333,-13.287027,8.824099
-12.798595,-10.928667,6.128744
-9.706988,-13.553989,4.214522
-10.889760,-8.713963,3.756018
-9.519636,-7.952583,1.242628
-10.149929,-3.368146,2.242238
-7.192401,-2.356564,1.195341
-7.339050,-1.713702,1.999817
-8.606220,-2.437970,0.529733
-12.432870,-0.917605,-0.862537
-7.090046,-4.610176,-2.507404
-11.443436,-0.914612,-3.023969
-11.145349,-4.625140,0.648249
-9.525622,-3.426207,-4.452752
-6.504645,-5.402082,-2.518178
-5.730696,0.293897,-2.376317
-9.980534,3.497436,-3.170019
-11.764867,2.497228,-3.026961
-10.391152,0.839193,-2.820455
-7.694001,-0.890670,-2.156044
-7.196591,-0.301080,-2.518777
-9.215563,0.662615,-2.233858
-10.728745,-0.229850,-1.619128
-10.301965,-1.944151,-1.752010
-8.560729,-2.537931,-1.447339
-7.895719,-2.656447,-1.971685
-8.333871,-3.149069,-0.922992
-8.129161,-3.158646,-1.148653
-8.042368,-3.180794,-0.693741
-7.904099,-5.319479,-0.261574
-7.498868,-5.513416,-0.064645
-7.081067,-7.148705,-0.471073
-7.757450,-7.932830,0.111932
-6.882342,-7.935823,-0.587195
-5.129135,-9.164685,-0.082003
-4.407859,-9.517242,-0.585400
-4.647287,-9.367001,0.103552
-3.770384,-9.572909,1.702927
-4.547326,-10.946025,0.178373
-3.507013,-9.776422,-0.178373
-2.836018,-12.007886,0.324424
-4.465921,-9.229330,0.416005
-4.361171,-7.334860,-0.017358
-3.721301,-8.740898,-0.055666
-4.046324,-8.989903,0.345972
-3.918829,-9.033598,-0.484242
-3.849993,-9.167678,-1.812465
-4.814287,-9.303553,-0.395055
-4.061288,-9.504073,0.968484
-4.795133,-8.485908,-0.302875
-4.210332,-8.012440,-0.206506
-4.337827,-8.156096,-0.562654
-4.130722,-8.324893,0.621314
-4.491659,-8.770228,0.698529
-4.310293,-8.917476,0.934964
-3.711125,-9.291581,1.301886
-3.012596,-9.480729,1.392270
-3.419622,-8.916877,1.622121
-3.262797,-8.915680,1.410826
-3.247235,-8.685231,1.592791
-3.083227,-9.271829,1.264177
-2.971893,-9.155706,1.354560
-2.867144,-9.466962,1.687963
-2.834821,-9.168276,1.380897
-3.050904,-9.282603,1.414417
-3.118542,-9.159298,1.691555
-3.353780,-9.019233,1.463500
-2.928796,-9.322108,1.702927
-2.701939,-9.678855,1.765179
-2.515185,-9.422668,1.560468
-2.804892,-9.035992,2.021965
-2.642082,-9.272427,3.080234
-2.559479,-9.496292,2.846792
-3.173012,-7.969343,3.166428
-3.258009,-9.815329,-1.162420
-1.985452,-8.070501,4.362967
-1.974079,-9.099441,2.714509
-1.756200,-8.921067,2.894079
-2.859961,-9.585479,3.389095
-3.326246,-10.050566,2.882108
-2.652257,-8.979128,3.201743
-2.502017,-8.440417,2.808484
-2.554691,-8.803149,3.450149
-2.487052,-9.073702,2.847989
-2.539128,-9.189226,3.159844
-2.425998,-8.816916,3.010800
-2.287729,-8.948601,2.739648
-2.460117,-9.115004,2.876721
-2.687573,-9.350840,3.185582
-2.406246,-8.769629,3.102381
-2.302095,-9.101835,2.788132
-2.739050,-9.033000,3.041327
-2.344593,-9.138348,1.404242
-2.364346,-9.285596,3.130514
-2.507404,-8.722342,3.102980
-2.490644,-8.869590,2.815667
-2.493038,-9.159298,2.454131
-,-,-

9.295771,-0.404033,3.053897
9.134756,-0.400442,3.024567
9.415485,-0.432765,2.847989
9.523826,-0.089785,2.880312
9.296370,-1.224072,2.834222
9.228732,-0.360936,3.144879
9.294574,-0.423188,2.748028
9.420872,-0.475263,2.985660
9.082681,-0.335198,3.353780
9.743501,-0.727859,3.332830
9.726741,-0.617722,2.931789
9.125179,0.067039,3.282550
8.955186,-0.465087,3.580637
9.195212,-0.710501,3.212518
8.582277,-1.083409,2.801301
8.236305,-1.972882,3.389095
8.077684,-1.244424,3.656057
9.815927,-0.603357,4.055302
9.282004,-1.681379,4.088224
8.053741,-1.271359,5.099206
9.666884,-1.182173,5.584047
7.583865,-1.029538,4.392297
9.702798,-0.251997,3.552505
8.293767,-2.731867,3.775771
8.675654,-1.429980,3.688978
9.361015,-2.321847,4.505426
8.632557,-2.118933,3.672817
8.817515,-1.795107,3.432192
9.696812,-1.149850,3.517189
8.813325,-0.513571,3.118542
8.590657,0.046688,3.690774
8.302147,-0.956512,3.025166
7.597033,-0.545894,2.433780
6.640521,-0.208301,0.300481
7.554535,1.109147,0.007781
5.238673,1.112140,9.173663
6.457359,-1.304879,5.233286
3.514795,-1.919011,3.019180
5.165049,-4.814886,3.918829
7.791568,-4.310891,3.274769
4.966324,-3.520781,7.902303
5.841431,-2.141678,9.276617
7.598230,-3.145478,6.380143
6.961353,-4.019987,3.976291
4.443175,-0.175979,10.093065
2.929993,-1.896864,8.305140
2.260195,-4.902876,3.924216
2.569655,-4.936396,4.561692
0.464489,-3.792531,6.836253
-8.035784,-6.265218,2.711516
-9.881770,-11.817541,5.518204
-15.197659,-8.641536,-6.337046
-19.611504,-10.250488,-7.394717
-13.146962,-19.611504,5.753442
-18.353313,5.672635,-0.718880
-1.052882,-1.822043,-0.504593
-6.772804,-0.876304,-3.411242
-10.841874,-15.957242,10.345062
-12.592089,-9.001275,-0.253793
-8.925856,-5.546936,-13.251712
-5.445777,1.476070,-4.743656
-11.678673,4.783162,-2.391880
-7.150501,5.505634,0.377098
-6.550735,2.091399,-1.075627
-8.934236,2.322446,-2.295510
-9.514249,2.087209,-1.919011
-9.773429,3.884112,-3.878725
-7.394717,5.274587,-1.477267
-7.286975,5.681015,-0.765569
-8.494886,5.645699,-2.074040
-8.668471,5.755836,-3.769187
-8.054340,4.497046,-2.069850
-8.547560,4.711334,-1.286922
-8.945609,4.919037,-1.762186
-9.498686,3.666233,-2.342199
-8.986910,1.422199,-2.478074
-9.460976,1.504203,-1.802290
-8.286584,-2.478672,-1.758594
-8.220742,-3.839219,-1.738842
-8.242290,-4.997450,-0.558464
-8.174652,-7.385140,1.105556
-9.894340,-6.943995,0.517163
-9.960183,-4.911256,0.341782
-9.985322,-5.639714,1.754404
-9.843462,-3.681197,2.521171
-7.168458,-3.650071,4.230683
-4.196565,-8.260247,7.354613
-6.457957,-7.037372,4.189382
-6.240078,-8.115394,4.010410
-7.539571,-8.627170,7.834067
-7.385739,-4.317475,5.388913
-7.416864,-2.364346,5.877944
-8.553546,-4.901080,7.638335
-4.925023,-2.187169,5.057306
-6.343630,-2.502017,8.156096
-5.236877,-3.543526,10.943032
-3.596799,-1.497618,15.862668
-2.210514,0.729655,7.182824
-2.622329,-0.971476,7.540768
0.429173,0.157423,7.081067
1.203123,-1.306076,8.427847
0.017358,-0.980455,10.177463
-1.808276,2.810878,9.177853
-2.624125,1.705322,10.676071
-3.629121,1.837007,9.536396
-3.132309,-1.221678,6.451373
-1.908236,-1.699336,7.746676
-3.492648,-1.714899,10.158907
-3.882316,-0.699128,9.166480
-4.625738,-0.385478,8.362603
-6.300534,0.007781,8.077085
-3.781756,-0.952322,6.829668
-4.666441,0.136473,8.106415
-4.814287,1.327026,10.506676
-6.110787,0.269954,8.882160
-5.876148,-0.714691,8.186025
-4.704749,-0.924788,8.066910
-5.749850,-0.688353,7.981913
-5.397892,-0.323825,8.514041
-4.646090,-0.696135,7.944802
-4.954951,-1.051685,8.573897
-4.764606,-0.826623,8.399714
-4.587430,-0.775745,8.145921
-5.174626,-0.471073,8.253663
-5.442785,-0.451320,8.108211
-5.517007,-0.225061,8.101627
-5.740273,-0.583604,8.436227
-5.095016,-1.036122,7.914873
-5.151282,-1.149251,8.422460
-5.297332,-1.038516,8.312921
-5.196174,-0.550084,8.440417
-5.103995,-0.532127,8.095042
-5.176422,-0.671594,8.187821
-4.855589,-1.163018,8.546962
-5.361379,-0.266363,8.092050
-5.763019,-0.861340,7.833468
-4.914248,-1.589199,7.644919
-5.571477,-0.778139,8.172258
-5.218321,-0.910422,8.212362
-5.166844,-0.780533,8.281796
-5.080052,-1.095380,8.498478
-5.333845,-0.823031,7.969942
-5.265608,-1.231255,8.256656
-5.660664,-1.162420,7.913078
-5.388913,-1.331815,8.017229
-5.164450,-1.198933,8.014236
-5.165647,-1.099570,7.904698
-5.086038,-1.133090,8.159089
-5.231490,-0.993624,8.032193
-5.270397,-1.049290,7.919662
-4.680807,-0.293897,8.405101
-5.485882,-0.816447,8.132752
-5.335641,-0.812856,8.055537
-5.270397,-1.060663,7.971737
-3.221496,-1.415614,4.073259
-5.355992,-0.795497,8.268627
-5.531373,-0.851763,7.865791
-5.569681,-1.137879,8.232713
-5.841431,-0.665608,8.345843
-5.273988,-0.684164,8.120182
-5.445179,-0.642862,8.449395
-5.710943,-0.611138,7.421054
-5.448770,-1.097176,7.573689
-5.437397,-0.658425,8.403305
-4.806506,-0.897254,6.984698
-5.551724,-0.748210,7.784385
-5.786962,-1.133689,7.349226
-5.736682,-1.152244,8.555342
-5.814496,-0.715289,7.828081
-5.524789,-0.745218,7.929838
-5.697176,-0.723669,7.811321
-5.839037,-0.827221,7.732908
-5.724710,-0.767963,7.978322
-5.811503,-0.628497,7.960365
-5.839636,-0.901444,7.665270
-5.627144,-0.832609,7.853221
-5.570878,-0.709303,7.908289
-5.794144,-0.557866,7.953780
-5.957554,-0.535120,7.792765
-5.718725,-0.920598,7.841848
-5.727105,-0.838594,7.913078
-5.836643,-0.717683,7.598230
-5.723513,-0.651242,7.792167
-5.666649,-0.876304,7.830475
-5.745660,-0.591385,7.963357
-6.104203,-0.806870,7.531191
-5.552921,-0.859544,8.063917
-5.892908,-0.542303,7.947795
-6.155680,-0.879895,8.345244
-,-,-

9.317320,-0.745816,2.819258
9.314925,-0.870318,2.782745
9.334080,-0.854157,2.853975
9.283201,-0.770357,2.802498
9.217957,-0.840390,2.855771
9.383162,-0.707508,2.798907
9.463371,-0.612335,2.639687
9.764451,-0.530930,2.460715
9.681250,-0.462095,2.510995
9.307743,0.246011,3.142485
9.654314,-0.149642,2.715107
9.486116,0.448327,3.173611
8.441015,1.169004,2.685777
7.629356,1.331216,2.991047
6.809916,1.618529,1.703526
6.556721,1.838204,2.956929
5.231490,1.701132,2.657644
5.323071,2.806688,6.094027
6.781184,-1.066649,1.812465
3.707534,-0.839791,5.318881
3.775172,-2.847391,3.739258
3.688380,-2.980872,5.611581
5.519401,-5.937202,3.867352
7.868784,-4.531164,3.896083
3.697358,-1.828028,4.209135
8.952791,-3.186779,4.735276
6.654886,-3.790735,4.134912
4.374938,-8.478126,3.760807
3.400468,-9.137749,4.748445
2.986259,-9.639350,3.287937
1.464099,-7.903501,5.257827
1.393467,-5.475706,4.220507
0.201717,-1.409629,1.370123
0.848770,-18.638830,-7.841848
2.819857,-19.611504,-14.605674
-7.034977,-9.364008,9.363410
-2.050097,0.691346,4.886116
-7.310319,-10.015849,1.371919
0.372908,-14.923514,-0.630292
-7.040364,-7.488094,-2.288926
-5.931815,-9.718959,-0.594977
-4.965725,-9.731529,0.016161
-8.184828,-4.038542,0.700923
-6.155081,-7.145713,-2.068653
-6.570488,-1.136681,-0.222667
-6.782980,-1.112140,1.042706
-6.712947,-2.673207,0.201119
-8.697203,-4.045725,1.868731
-5.743266,-8.263839,1.113936
-6.262824,-10.769447,0.765569
-6.704567,-11.716383,0.961301
-7.596435,-6.652492,3.620742
-6.485491,-3.675211,2.555289
-5.003435,-4.422225,1.391073
-6.566298,-5.292544,2.001613
-7.798152,-6.982902,2.441561
-8.441015,-8.162082,5.284164
-5.934808,-9.466363,5.254235
-5.937801,-8.661887,2.643877
-5.991074,-7.570696,2.791724
-5.733090,-7.381549,3.313077
-8.189616,-6.891321,3.144879
-6.507040,-7.782590,3.581236
-3.899675,-8.143527,3.035341
-4.975901,-7.078673,3.216708
-5.156070,-7.502459,3.747040
-4.949564,-7.219935,2.840807
-4.869356,-5.835446,3.507612
-4.081639,-7.374366,3.740455
-3.457931,-8.418868,6.211347
-4.134912,-8.818712,4.429408
-3.769187,-7.868185,5.595420
-2.424203,-5.867768,5.171633
-4.242056,-5.024385,4.876539
-1.127104,-8.418270,6.565699
-3.797319,-7.290566,4.059492
-1.472478,-8.933637,5.281770
0.996018,-10.419285,6.801536
-1.072036,-7.672453,7.130150
-0.801483,-8.130957,6.235888
-0.852960,-6.851217,4.836435
-0.669199,-7.357007,5.116565
-0.642862,-7.679636,5.920442
-1.270761,-7.809525,6.260429
-1.541912,-8.107014,6.421444
-1.596382,-7.606610,6.034769
-1.422199,-7.389330,5.962342
-1.861548,-7.710163,5.803722
-2.242238,-7.878959,5.601405
-1.207911,-8.207573,5.849213
-2.464905,-6.170644,6.655485
-2.798308,-6.535172,4.961535
-2.139284,-7.300143,7.101418
-2.452934,-6.969733,7.106207
-2.835419,-6.605804,6.574079
-2.622329,-6.409473,6.011425
-3.009004,-6.416057,6.552531
-2.591802,-6.392713,7.225322
-2.967105,-6.312505,6.829070
-2.947352,-6.307716,6.495667
-3.067664,-6.353806,6.650696
-2.692361,-6.597424,6.951776
-2.915029,-6.325673,6.529187
-2.850982,-6.686012,6.638725
-2.713910,-6.650098,6.525595
-2.583422,-6.553728,7.084659
-2.853376,-6.610592,6.339441
-2.701340,-6.729109,6.685413
-2.725283,-6.601614,6.617176
-2.764190,-6.826675,6.328666
-2.640286,-6.821887,6.537567
-2.790527,-6.718334,6.563904
-2.730670,-6.793754,6.407079
-2.674404,-6.688406,6.500455
-2.713311,-6.626753,6.424437
-2.756408,-6.793754,6.437606
-2.734860,-6.778191,6.277788
-2.716304,-6.712947,6.286168
-2.643877,-6.805726,6.629746
-2.648067,-6.769213,6.457359
-2.719896,-6.520807,6.589642
-2.707924,-6.757840,6.387326
-2.681587,-6.790761,6.472921
-2.644476,-6.781783,6.313702
-2.628913,-6.785374,6.424437
-2.579232,-6.856005,6.538764
-2.718100,-6.851815,6.393910
-2.625322,-6.882342,6.466936
-2.642680,-6.753650,6.311308
-2.724684,-6.729109,6.314301
-2.712114,-6.786571,6.438204
-2.687573,-6.799740,6.341835
-2.734261,-6.677033,6.331659
-2.636096,-6.933221,6.395107
-2.645075,-6.885934,6.419050
-2.850384,-6.907482,6.063500
-2.744437,-6.824880,6.334053
-,-,-

-0.925985,2.027352,10.886168
-0.182563,-0.367521,10.249291
-0.438750,2.185374,8.401510
0.770956,3.017384,9.860222
1.601769,1.780143,9.859623
0.794300,1.485048,9.718959
0.887677,0.508783,9.185036
-0.075419,0.918204,9.536994
-0.164007,1.089395,9.343058
0.035914,1.118126,9.317918
0.150240,1.951932,9.959584
0.759583,1.426389,9.784802
0.574027,1.567052,10.122993
1.019362,0.873910,9.799168
0.618321,1.154639,9.710579
0.388471,1.095979,8.309929
0.599765,0.954717,9.293976
0.648848,1.157631,9.979337
0.869720,0.603955,9.835082
0.500403,1.330618,9.693221
0.631489,0.545894,9.238907
0.723070,0.818841,9.702798
0.571633,1.513780,10.542590
0.827221,0.637475,9.607027
0.769759,0.836200,8.976136
0.683565,1.186961,9.238309
1.164216,0.800884,8.087261
2.481665,2.458321,2.005205
2.669616,2.706129,2.330826
2.502615,2.969499,2.810280
1.935771,2.405049,2.417618
0.450123,0.673389,1.082212
-0.872713,-0.980455,0.736838
2.047104,8.468549,15.347301
-1.428783,-2.496630,8.101028
-1.048093,4.100794,11.785218
-0.566844,1.412622,10.540196
-0.266961,0.548887,9.827300
-0.075419,0.135875,9.665088
-0.042498,0.055068,9.669278
-0.053871,0.110136,9.671672
-0.035315,0.121509,9.670475
-0.047286,0.125100,9.672870
-0.032322,0.105348,9.651321
-0.062849,0.110136,9.695615
-0.061054,0.129889,9.674067
-0.037709,0.108939,9.663292
-0.039505,0.131086,9.672870
-0.040104,0.112530,9.683045
-0.057462,0.125699,9.683644
-0.028731,0.137670,9.696812
-0.042498,0.107742,9.700404
-0.140065,0.157423,9.580690
-0.024541,0.141860,9.732128
0.448327,-0.520156,10.112219
-0.002394,-0.171190,9.638153
0.679375,-0.820039,9.238309
0.057462,-1.034326,9.085674
0.123903,-0.159817,9.537593
0.089785,-0.065842,9.496890
-0.326219,-0.022745,10.026025
0.371711,-0.316044,9.434041
0.369915,-0.125100,9.548367
-0.822433,0.436356,9.822512
0.175380,0.373506,9.865609
0.208301,0.219076,9.695017
0.201717,-0.279531,9.614210
0.023344,-0.171190,9.456188
0.013168,-0.090982,9.577099
0.276538,0.039505,9.649525
0.274743,-0.411216,9.307144
0.242420,-0.061652,9.575901
0.157423,0.142459,9.713572
0.151437,0.172986,9.666884
0.176577,0.169394,9.695615
0.158022,0.169993,9.686038
0.178373,0.158022,9.681250
0.151437,0.178373,9.676461
0.169993,0.153832,9.699805
0.172986,0.159817,9.681250
0.175380,0.168197,9.691425
0.197527,0.180767,9.651920
0.164606,0.169394,9.658504
0.174183,0.134079,9.699207
0.139466,0.162810,9.663292
0.164606,0.156226,9.686637
0.185556,0.178972,9.706389
0.152036,0.175979,9.679454
0.189147,0.167599,9.705192
0.190344,0.182563,9.698009
0.171789,0.147846,9.652518
0.168197,0.171789,9.699207
0.180767,0.192739,9.696812
0.167599,0.170592,9.696214
0.175380,0.165204,9.702798
0.186753,0.196330,9.672271
0.143656,0.178972,9.657307
0.144853,0.174782,9.701002
0.125699,-0.085595,9.561536
0.175380,0.242420,9.630970
0.298685,0.443539,9.753078
0.339987,0.264567,9.651321
-,-,-

1.152843,9.429252,-2.645075
1.229460,9.424464,-2.643877
1.305478,9.290983,-3.911646
1.473676,8.933039,-3.057488
1.377905,9.098244,-3.325647
1.219882,9.446611,-3.442368
1.174990,9.605830,-3.460924
1.225868,9.559142,-3.096395
1.389277,9.140742,-2.986857
1.404840,9.205986,-3.045517
1.225270,9.177853,-3.021574
1.386285,9.028810,-3.216708
1.293506,8.953989,-3.191568
1.245621,9.328693,-3.165231
1.060663,9.792583,-3.314274
1.046896,9.299961,-3.391490
1.258789,9.374782,-3.134704
1.390475,8.904307,-2.978477
1.620325,8.342251,-3.162238
2.161431,7.584463,-1.578425
-0.316044,2.202134,1.063656
-1.402446,-0.934365,0.232244
-1.415614,-0.758386,0.295692
-0.657228,0.667404,0.352556
-0.633285,1.303682,0.447130
-1.024151,1.588002,0.988835
0.044294,2.087807,1.509590
0.460897,1.725673,1.788523
-1.454521,-1.916018,1.168406
-7.024203,5.728302,11.867821
-15.599897,19.611504,11.314743
-1.203123,10.027222,1.073233
-3.219700,-19.611504,-19.611504
-1.740637,2.790527,1.137280
-1.694547,-2.227274,-3.097592
-1.133090,-0.032322,-4.470709
-2.175797,-1.396460,-6.875159
-0.343578,2.363149,-9.946415
-0.338789,1.556278,-9.940430
-0.348965,1.651451,-9.936838
-0.356148,1.643669,-9.938035
-0.357345,1.671802,-9.919480
-0.315445,1.674795,-9.908706
-0.338191,1.701132,-9.933247
-0.321431,1.700533,-9.897333
-0.329212,1.728067,-9.902121
-0.331008,1.704723,-9.909903
-0.304671,1.723877,-9.895537
-0.339987,1.719687,-9.900924
-0.351958,1.728067,-9.905114
-0.333402,1.738243,-9.912297
-0.321431,1.726272,-9.915888
-0.344176,1.734652,-9.923670
-0.322628,1.735250,-9.927860
-0.335797,1.727469,-9.885960
-0.335198,1.745426,-9.886559
-0.315445,1.739440,-9.903319
-0.346571,1.756200,-9.916487
-0.336395,1.741236,-9.895537
1.856161,-2.724684,-10.656318
-7.700586,-1.008588,-10.389955
-0.399245,-0.817644,-10.089473
-0.325621,-1.619726,-9.520833
-0.354352,-1.030136,-10.137359
-0.365126,-1.170800,-10.109825
-0.260975,-1.742433,-9.683045
0.821236,1.161223,-16.310398
-0.623110,-0.462693,-10.773039
-0.405231,0.931372,-9.992505
-0.414808,0.994821,-10.013455
-0.386675,1.052882,-9.988914
-0.371711,1.060065,-9.961978
-0.397449,1.064853,-9.980534
-3.516591,-7.279193,-3.085621
0.026337,-4.113962,-13.354666
-4.052310,5.648094,-6.249655
-0.023942,-3.459727,-8.896526
-0.035315,0.458503,-13.164919
-1.112739,12.384386,-9.712974
0.832010,1.569447,-5.150085
0.322628,9.015641,-1.619128
3.061080,7.268419,-1.807677
-0.636877,7.681432,-3.436382
0.060455,9.936240,-1.943552
1.607156,12.440651,-2.197944
0.576421,7.255251,-3.232869
-0.557267,10.957398,-2.697150
-0.086792,9.797372,-3.006610
-0.260975,9.499883,-2.718100
-1.073832,8.781002,-3.429200
-0.381886,9.750085,-2.953337
2.623526,10.267847,-3.207729
2.190162,11.250098,-1.784333
-1.714300,6.496266,-2.075836
-0.077813,11.223761,-2.659440
0.499804,10.108029,-1.455719
0.914014,7.636539,-1.692752
-4.559297,11.513468,-1.444346
1.813663,9.079688,-1.372518
-0.763175,10.755082,-3.213715
-1.867534,8.455979,-2.399661
0.084398,9.176656,-2.452335
0.176577,7.789772,-0.637475
-1.777749,13.689265,-2.464905
0.319037,9.732128,-2.147664
0.000000,9.827899,-1.361743
-,-,-

5.474509,1.675992,7.727521
5.545738,1.418009,7.744880
5.686402,1.466493,7.200182
5.551126,1.183968,8.277007
5.606792,1.243825,8.014236
5.579857,1.434170,7.735303
5.512817,1.474274,8.209369
5.648094,1.575432,7.574886
5.597814,1.280937,8.031594
5.508627,1.264775,7.633546
5.514613,1.373116,7.856812
5.507430,1.101964,7.796955
5.528979,1.144463,7.771217
5.577463,1.477267,7.285778
5.696578,1.672400,7.553936
5.788159,1.772960,7.139128
5.778582,1.553285,7.886741
5.773195,1.574834,7.829278
5.785166,1.529941,8.045361
5.652284,1.402446,7.538374
5.365569,1.181574,6.377749
4.864567,0.423188,4.462329
4.594014,-0.896655,3.451347
2.777957,-1.425192,2.176994
-0.395653,0.431568,0.309460
0.553676,0.029329,0.744020
0.025738,0.358542,1.528744
0.268158,1.355159,3.101782
0.256187,0.680572,3.332231
0.102953,0.521951,3.155055
-0.899648,-1.497020,1.960911
-1.650253,0.873910,3.600989
-15.702851,-0.750006,-4.136708
17.574575,19.611504,-16.841328
-1.468887,-2.909043,-19.611504
-1.872322,0.569238,-0.268158
-1.712505,-0.113728,-8.753468
-0.496213,-1.318646,-13.534835
0.214287,2.734261,-9.255069
1.054079,2.795914,-9.981132
0.679974,1.078022,-10.993911
0.050279,2.782745,-9.662694
0.041899,2.834222,-9.765049
0.035315,2.806688,-9.629174
0.031724,2.802498,-9.636955
0.039505,2.818061,-9.650124
0.041899,2.794717,-9.633364
0.017957,2.815667,-9.652518
0.034716,2.805491,-9.633963
0.053272,2.803695,-9.704594
0.035914,2.778555,-9.654912
0.036512,2.799505,-9.653117
0.029928,2.794717,-9.627977
-10.944828,-19.611504,-8.400911
-0.060455,3.544723,-12.830918
-0.760182,8.778608,-8.543969
10.361224,16.495356,4.176812
0.408223,13.273859,0.245413
18.491583,19.611504,19.611504
-3.022771,3.365153,4.400677
-1.995029,6.921848,6.562707
-2.263188,5.091425,7.188809
-2.220091,3.891893,7.926845
-0.571633,5.936604,10.053559
-0.112530,2.738451,8.133351
-1.316252,1.611346,5.265608
-2.024359,1.706519,7.075680
-2.121327,2.968900,8.547560
1.886688,1.331216,9.917086
-0.851763,3.222095,9.028211
-0.405231,4.112765,9.251477
-1.096577,1.395862,8.025010
-1.301288,2.678594,8.170462
-1.220481,3.475289,7.705973
-1.471281,3.942771,9.167079
-1.590397,4.053507,10.081692
-1.539518,1.752609,7.564112
-1.979466,3.194561,10.193026
-2.339206,3.219102,8.019623
-,-,-

-0.679375,-4.402472,7.671256
-0.083201,-3.382511,7.539571
0.334599,-3.849395,8.265635
-0.207104,-2.277553,7.094236
-1.537722,-1.920806,8.297359
-1.813064,-4.469512,10.704203
-1.248015,-4.963930,9.050957
-1.771164,-4.866363,8.615797
-1.939362,-4.820872,10.231933
-1.836408,-3.820663,9.153911
-1.394066,-3.107768,8.877372
-1.344983,-2.910240,9.214965
-1.142667,-2.705530,8.215953
-0.028132,-2.895875,8.051946
-0.714092,-3.682394,8.004060
0.069433,-3.890097,8.172258
0.115523,-2.624723,7.905296
1.419804,-1.544905,7.336656
0.717683,-0.434560,6.350813
3.769785,-0.177774,4.480286
-1.218685,1.201925,2.993442
3.779362,0.450123,1.705322
0.815849,1.180976,0.899050
0.979856,1.737644,2.434977
0.858946,1.069642,1.795107
-0.047885,0.926584,0.885283
-0.510579,0.505191,-0.119115
-1.032530,-0.162810,-1.362342
-1.275549,0.417202,-0.772752
19.611504,6.617176,19.611504
19.611504,19.611504,-2.624125
-6.566298,5.756435,3.957137
-6.073077,2.414027,-7.088849
-7.312115,7.904099,-19.136839
-7.644320,3.867950,-2.029147
-1.376109,4.621548,-6.469928
-0.842784,-0.619518,-18.286272
-2.124918,4.243253,-4.765205
-1.753207,5.981496,-7.442603
0.794300,3.624333,-7.071490
0.366324,6.007833,-10.913104
-0.601561,2.465504,-10.688641
0.849967,2.198542,-17.434509
-0.171789,2.172205,-9.397528
1.627508,2.685777,-9.307743
0.182563,3.031750,-9.569317
0.051476,3.235862,-9.535199
0.061652,2.744437,-9.703397
0.074821,2.778555,-9.653715
0.001197,2.679792,-9.524425
0.092778,2.752218,-9.645335
0.040702,2.752817,-9.667482
0.067638,2.752817,-9.687235
0.073623,2.735458,-9.662694
0.068835,2.746233,-9.683045
0.042498,2.736656,-9.647730
0.056265,2.764190,-9.681250
0.053871,2.729473,-9.662694
0.054469,2.740247,-9.705192
0.122108,2.745036,-9.680052
0.421392,3.344203,-15.478986
0.657228,3.520781,-9.761458
-0.652439,3.140091,-9.166480
-0.960702,4.428809,-10.012258
0.299284,7.389330,-11.851660
0.053871,5.401483,-11.299181
-0.042498,5.961744,-8.233910
0.256785,6.097020,-8.048354
-0.162810,6.136526,-8.146519
-0.207703,7.028393,-8.415277
0.591984,7.139727,-7.069694
-0.450123,8.688224,-6.802733
-0.251398,8.153702,-3.853585
0.128093,7.686220,-4.818477
-0.196330,9.086871,-4.957944
0.435159,8.594249,-4.479089
-1.167208,9.772831,-3.146675
-0.125699,7.881952,-4.234274
0.004788,8.121978,-5.819284
-0.320832,8.652909,-6.435212
1.098972,8.083071,-6.198777
0.575823,7.743683,-6.590241
0.020351,7.811321,-6.108992
-,-,-

0.175979,2.436773,-9.619597
0.062849,2.616942,-9.890150
-0.003591,2.523565,-9.714171
-0.007781,2.523565,-9.840469
-0.041301,2.472687,-9.790788
-0.013767,2.423006,-9.914691
-0.003591,2.477475,-9.781210
1.825634,-1.124710,-10.164294
3.159245,5.896500,-11.348263
1.521561,2.288926,-8.241093
-2.660637,2.455927,-11.699025
-0.108340,0.019154,-10.451607
-2.300898,-2.865946,-12.056370
-3.399271,-2.121926,-13.334913
-7.923852,-2.296708,-12.442447
-14.269877,2.314665,-12.430476
-18.414965,8.463761,-11.888172
-18.612494,11.860040,-8.768432
-18.174341,11.693637,-5.352401
-16.849709,7.922655,-1.839401
-11.424880,4.895693,0.260377
-5.224307,4.170228,0.655432
-2.496031,4.704151,2.323045
-0.182563,2.033936,1.522758
3.443565,0.316044,-0.061054
3.584229,2.093793,0.026337
3.230475,3.437579,0.949329
2.441561,5.578061,3.489655
1.965699,7.199584,5.225504
2.451737,7.057124,6.616578
1.492830,5.103396,6.062902
2.526558,4.191776,5.087235
2.858764,3.753025,5.201561
3.420221,3.527963,4.999245
4.281561,4.070267,4.585634
4.910058,3.252023,4.073259
4.708939,3.414235,4.809499
4.567677,4.050514,6.332856
4.342615,2.996434,6.656083
4.066675,2.882706,7.546754
3.739857,2.376916,8.104021
3.636903,2.408041,8.585270
2.534938,2.151255,8.816916
2.322446,2.222485,8.987508
2.098581,2.256005,9.093455
1.380299,2.425400,9.159896
0.690748,2.528952,9.369395
0.108939,2.455328,9.825505
-0.173584,2.369134,10.141549
-0.240026,1.878907,10.103839
-0.527339,1.650852,9.830293
-0.457306,1.489238,9.727339
-0.408822,1.273754,9.564529
-0.134079,1.249212,9.339467
-0.364528,1.432374,9.398725
-0.292700,1.588002,9.722551
-0.208900,1.640676,9.569317
-0.306467,1.501808,9.344854
-0.442940,1.216291,9.097645
0.192739,1.077423,9.025218
-0.241223,0.625504,8.357814
-0.357944,0.314248,8.182434
0.031724,-0.161613,7.282186
1.735849,-0.750006,5.262615
-2.565465,0.329212,-1.436564
-0.263968,0.414209,0.225061
-0.079011,0.485439,0.952921
-0.263968,0.370514,1.268965
-0.271151,0.307065,1.428783
-0.670995,-0.116720,1.377905
-1.649056,-0.753597,1.486246
-2.266779,-1.322836,1.148653
-2.345192,-2.012986,1.004996
6.177228,7.284580,5.993468
-10.000287,-2.917423,-18.121668
-19.611504,19.611504,5.140507
-1.532934,0.034716,-0.167000
2.669017,-0.994821,0.732648
6.316096,-6.985296,-0.476460
14.987561,-19.611504,-1.282134
3.433390,-6.387925,-4.717918
2.886896,-6.653091,-7.141523
2.249421,-6.940403,-7.742486
2.378113,-5.597814,-8.272817
2.053090,-5.698972,-8.546363
1.989642,-5.089031,-8.356617
1.774157,-4.883721,-8.345843
1.974079,-4.595810,-8.742694
1.813663,-4.715524,-9.021028
1.547300,-3.907456,-8.448797
1.913624,-3.459128,-9.080287
1.531737,-3.182589,-10.045179
0.897853,-2.997033,-10.550371
1.204320,-3.207729,-9.735719
0.727260,-3.346597,-9.283201
0.829616,-3.567469,-9.312531
1.598776,-2.982069,-8.920469
1.144463,-3.323851,-9.281406
1.254599,-3.240650,-9.388549
1.259987,-3.238256,-9.385557
-,-,-

8.043566,-4.386311,2.963513
7.955576,-4.771191,3.589017
7.863396,-4.832245,3.396877
7.762837,-5.267404,4.289343
7.734704,-5.132726,3.488458
7.360599,-5.207547,4.631724
7.529994,-4.409655,3.967313
7.321093,-4.307300,3.557293
7.112791,-4.888510,4.306701
7.384541,-3.931399,3.484268
8.412284,-2.683982,4.112166
7.305530,-1.074430,3.843409
5.952167,-0.300481,3.622537
3.796122,-0.302277,3.601587
2.430787,-1.343188,3.626727
4.727495,-0.563253,1.234847
-0.865530,0.551281,2.982069
-0.123305,-0.297488,0.461496
-0.529134,0.107143,0.681171
-0.894261,-0.115523,0.532127
-1.117527,-0.270553,0.342381
-1.034326,-2.464307,-2.217697
-2.954535,12.821341,19.611504
-4.043930,-19.611504,19.611504
-13.534835,1.833415,-19.611504
-1.215693,-2.945556,-5.072869
-1.251008,-5.337437,-5.226103
1.775953,-1.145660,-5.895901
4.221704,-1.103162,-5.394301
19.611504,5.012414,-19.611504
2.281145,4.263006,8.530202
7.880755,-3.173611,-3.269382
8.095641,-3.450149,-5.656474
7.731711,-4.795133,-3.629720
7.418660,-5.060898,-4.064879
7.401301,-5.154873,-3.848198
7.437814,-5.152479,-3.990058
7.401301,-5.178816,-4.005621
7.397710,-5.191386,-4.058295
7.040364,-4.699362,-2.976682
8.399714,-4.504229,-4.322863
7.318100,-5.662459,-4.683800
7.664073,-5.419440,-4.599401
7.136135,-5.251243,-3.885907
7.218139,-4.682004,-3.757814
7.365986,-5.344021,-4.063084
7.490488,-5.185400,-3.648874
7.407886,-5.242863,-4.092414
7.370176,-5.444580,-3.859570
7.404294,-5.317085,-4.036747
7.377359,-5.213533,-3.899675
7.352817,-5.170436,-3.966116
7.407287,-5.249447,-3.946363
7.363592,-5.283565,-4.021783
7.352219,-5.319479,-3.934990
7.360599,-5.306311,-3.972101
7.386936,-5.307508,-3.907456
7.366584,-5.277580,-3.982277
7.397111,-5.252440,-4.015797
7.373169,-5.300325,-3.936786
7.401301,-5.273988,-3.900872
7.387534,-5.260820,-3.917033
7.392323,-5.269798,-3.963123
7.357007,-5.287755,-3.945166
7.382147,-5.274587,-3.926610
7.371373,-5.285361,-3.944567
7.386936,-5.284164,-3.918230
7.399506,-5.290150,-3.939779
7.366584,-5.289551,-3.958334
7.380950,-5.273988,-3.996044
7.398907,-5.251243,-3.931399
7.375563,-5.274587,-3.908054
7.397111,-5.255433,-3.925413
7.401900,-5.263214,-3.905062
7.370176,-5.276383,-3.956539
7.358204,-5.282368,-3.975094
7.401900,-5.291347,-3.928406
7.388133,-5.301522,-3.892492
7.397111,-5.255433,-3.940976
7.364190,-5.269798,-3.926610
7.381549,-5.260221,-3.980481
7.404893,-5.256630,-3.890696
7.375563,-5.267404,-3.940976
7.379753,-5.272791,-3.926012
7.358803,-5.261418,-3.893090
7.391126,-5.302121,-3.974496
7.374366,-5.256630,-3.987664
7.371972,-5.268601,-3.930202
7.369577,-5.272791,-3.881119
7.353416,-5.269200,-3.973298
7.355212,-5.277580,-4.009811
7.395316,-5.306910,-3.992453
7.389929,-5.291945,-3.882316
7.425843,-5.262615,-3.752427
7.335459,-5.314092,-4.050514
7.695199,-5.216526,-3.465712
7.450983,-5.271594,-3.842212
7.446194,-5.313494,-3.845205
7.412076,-5.312895,-3.817671
7.415667,-5.366766,-3.779362
7.417463,-5.275185,-3.816473
7.462954,-5.315888,-3.684190
7.483904,-5.338035,-3.666831
7.410878,-5.332049,-3.693767
7.453377,-5.352999,-3.717710
7.442004,-5.362576,-3.741054
7.406090,-5.337437,-3.760807
7.404893,-5.300924,-3.764398
7.429434,-5.305712,-3.763799
7.447391,-5.284164,-3.736265
7.442004,-5.343422,-3.710527
7.442004,-5.325465,-3.717710
7.478517,-5.341627,-3.680000
7.431230,-5.302121,-3.722498
-,-,-

-9.818920,-0.800884,-0.870917
-9.841067,-0.803877,-0.841587
-9.778816,-0.829017,-0.857748
-9.739311,-0.854157,-0.886480
-10.293585,-0.971476,-1.125907
-10.103240,-0.726063,-0.946935
-9.410696,-0.648249,-0.933168
-9.820117,-0.765569,-1.081613
-9.912297,-0.743422,-1.121119
-9.485518,-0.786519,-1.124710
-10.096656,-0.761379,-1.171997
-9.557346,-0.577020,-0.908627
-9.599844,-0.673988,-0.938555
-9.952401,-0.778139,-1.037918
-10.120000,-0.846974,-1.075627
-9.817125,-0.778139,-0.910422
-9.506467,-0.698529,-0.791906
-9.923670,-0.855354,-1.038516
-10.227144,-0.897254,-1.089395
-9.595654,-0.679375,-0.821834
-9.835082,-0.782927,-1.043903
-10.141549,-0.796694,-1.143266
-9.730332,-0.710501,-1.014573
-9.663891,-0.800884,-1.103162
-9.817723,-0.811659,-1.087000
-9.952401,-0.781730,-1.100169
-9.493898,-0.662615,-0.935562
-10.000287,-0.680572,-0.994821
-9.639948,-0.647651,-0.875107
-9.899129,-0.837996,-1.049290
-9.885960,-0.802680,-1.000806
-9.678257,-0.783526,-1.000208
-9.751282,-0.764372,-0.952322
-9.753676,-0.773350,-0.944541
-9.986520,-0.766167,-1.003201
-9.785400,-0.733246,-0.943344
-10.169682,-0.754795,-1.007989
-9.935641,-0.664411,-0.931971
-9.750085,-0.710501,-1.003799
-9.830293,-0.703916,-0.940351
-9.790788,-0.765569,-1.049290
-9.665687,-0.785322,-1.024749
-9.870397,-0.701522,-0.944541
-9.718361,-0.712895,-0.952921
-9.844060,-0.716486,-0.956512
-9.940430,-0.763773,-0.984046
-9.657905,-0.707508,-0.920000
-9.827300,-0.756590,-0.991828
-9.850046,-0.738035,-0.934964
-9.901523,-0.742823,-0.991828
-10.049369,-0.740429,-1.005595
-9.503475,-0.652439,-0.868523
-9.817723,-0.731450,-0.951125
-10.058348,-0.733246,-1.000208
-9.495693,-0.624307,-0.805074
-10.087678,-0.818243,-1.094782
-9.901523,-0.642264,-0.881093
-9.592661,-0.745816,-0.976864
-9.923071,-0.665608,-0.848770
-9.744099,-0.788314,-1.032530
-9.810540,-0.781132,-1.006193
-9.973950,-0.803877,-1.023552
-9.887157,-0.679974,-0.897853
-9.524425,-0.576421,-0.776942
-9.947613,-0.725465,-0.979258
-9.846454,-0.712296,-0.910422
-9.887157,-0.778139,-1.016968
-9.677060,-0.776942,-0.966089
-9.722551,-0.772153,-0.965491
-9.981132,-0.843981,-1.084606
-10.170280,-0.761379,-1.017566
-10.073312,-0.751203,-0.997215
-9.773429,-0.625504,-0.827221
-9.872193,-0.729056,-0.914612
-9.543579,-0.619518,-0.808666
-9.726741,-0.767963,-0.958308
-9.774028,-0.699726,-0.906831
-9.765049,-0.798490,-1.044502
-10.114613,-0.709303,-0.981054
-9.793780,-0.700325,-0.943344
-9.811139,-0.663812,-0.922992
-9.634561,-0.767963,-0.978061
-9.987118,-0.812257,-1.031333
-9.654912,-0.794899,-0.942745
-9.896734,-0.881093,-1.068445
-9.988914,-0.761977,-0.954717
-9.380768,-0.695536,-0.833207
-10.091868,-0.820637,-0.998412
-9.872792,-0.694938,-0.895458
-9.786598,-0.672791,-0.864333
-9.719558,-0.627898,-0.839193
-9.677658,-0.800286,-1.008588
-10.174470,-0.811060,-1.088197
-9.621393,-0.782927,-1.058868
-9.930254,-0.845178,-1.087000
-9.701002,-0.769160,-0.988835
-9.840469,-0.745816,-0.967287
-9.741106,-0.729056,-0.882290
-10.114015,-0.745816,-0.943942
-9.703397,-0.661418,-0.829017
-10.021835,-0.733246,-0.878698
-9.664490,-0.699726,-0.808666
-9.764451,-0.778737,-0.928380
-9.941627,-0.775146,-0.933767
-9.577099,-0.719479,-0.863734
-10.177463,-0.805074,-1.061860
-9.751881,-0.597970,-0.849368
-9.405908,-0.678178,-0.869720
-10.353442,-0.849967,-1.107950
-9.945218,-0.697332,-0.970878
-9.627378,-0.688353,-0.903240
-10.190033,-0.747013,-0.983448
-9.513650,-0.637475,-0.780533
-10.041588,-0.776343,-0.979258
-10.081692,-0.777540,-0.924788
-9.862616,-0.762576,-0.875705
-9.543579,-0.620117,-0.701522
-9.217957,-0.487833,-0.555471
-9.511256,-0.687755,-0.867924
-10.301965,-0.794300,-1.045100
-9.729734,-0.803279,-1.028341
-10.157112,-0.975068,-1.238438
-9.895537,-0.831411,-1.027742
-9.610020,-0.924190,-1.078022
-10.014652,-0.851164,-1.042108
-9.661497,-0.693142,-0.808067
-10.334288,-0.745816,-0.929577
-10.106233,-0.600364,-0.752400
-9.689629,-0.527937,-0.653038
-9.802160,-0.557866,-0.704515
-9.761458,-0.575224,-0.723070
-9.608224,-0.773949,-0.925387
-10.129577,-0.885881,-1.089993
-9.516045,-0.878100,-0.997814
-9.903917,-0.942147,-1.129499
-9.711178,-0.744020,-0.911620
-10.006272,-0.782927,-0.987638
-9.818920,-0.526141,-0.735640
-9.788393,-0.599765,-0.831411
-9.657307,-0.597970,-0.709303
-9.777619,-0.677579,-0.850566
-9.864412,-0.782329,-0.914014
-9.819519,-0.816447,-0.910422
-10.095459,-0.833207,-0.937957
-9.981132,-0.721275,-0.901444
-9.625583,-0.600364,-0.739830
-9.824906,-0.647651,-0.839791
-9.515446,-0.636877,-0.797293
-9.453793,-0.720676,-0.883487
-9.854236,-0.853558,-1.012179
-10.051764,-0.733845,-0.940949
-9.664490,-0.615328,-0.835003
-10.039792,-0.697931,-0.934365
-9.997892,-0.632687,-0.847573
-9.761458,-0.697332,-0.876304
-9.912896,-0.748809,-0.921795
-9.903917,-0.685959,-0.863734
-9.216162,-0.665009,-0.782927
-10.112818,-0.863734,-1.031333
-10.191230,-0.774547,-0.976864
-9.709382,-0.653038,-0.851164
-9.683644,-0.576421,-0.737436
-9.985921,-0.658425,-0.893064
-9.896734,-0.747013,-0.961899
-9.745895,-0.663214,-0.810462
-9.690228,-0.653637,-0.839193
-9.935043,-0.666805,-0.899050
-9.743501,-0.709902,-0.880494
-9.947014,-0.691346,-0.884085
-9.612414,-0.699726,-0.851763
-9.721952,-0.744619,-0.888874
-9.896136,-0.770357,-0.895458
-9.657307,-0.707508,-0.831411
-9.271829,-0.713493,-0.747013
-10.483930,-0.872114,-1.035523
-9.968562,-0.642862,-0.807469
-9.779415,-0.682368,-0.878698
-10.422876,-0.611138,-0.861938
-9.583084,-0.515966,-0.728458
-9.619597,-0.647052,-0.818841
-9.993702,-0.730852,-0.914612
-9.568120,-0.739232,-0.914612
-9.769239,-0.798490,-0.946337
-10.712583,-0.958308,-1.154040
-11.011269,-0.905634,-1.138477
-11.767860,-1.473676,-1.610149
-14.424308,-1.745426,-1.904645
-15.886013,-1.537124,-1.668210
-9.859623,-0.600962,0.252595
0.305868,1.004398,3.165829
2.847989,1.158230,2.723487
-0.211893,-0.244216,0.065243
-1.926792,-0.699726,-1.118724
-2.204528,-1.109147,-2.102173
-1.930384,-0.879895,-2.075836
-1.899857,-0.278933,-1.857957
-0.046089,-0.363331,-1.699935
-3.087417,-1.103760,-3.967911
4.911256,5.502641,-8.876175
-0.218477,4.771789,7.966949
-0.526141,3.047911,-13.689265
-1.022355,3.305296,14.187873
3.603383,5.807912,-6.229902
2.220689,1.816057,-11.062746
0.274144,3.073051,-8.333273
-0.005387,2.856968,-9.813533
0.445335,2.118334,-8.142329
0.182563,2.631307,-9.362811
0.110735,2.831229,-10.026025
0.302875,2.837814,-9.655511
0.503994,2.828237,-8.930046
0.335198,2.814469,-9.423266
-0.390266,2.839011,-13.382200
0.077813,2.637293,-10.699415
0.161613,2.788132,-9.462772
0.132882,2.716304,-9.664490
0.157423,2.728874,-9.669278
0.153832,2.721093,-9.660898
0.140663,2.719297,-9.675862
0.165204,2.686974,-9.590267
0.167000,2.725283,-9.659701
0.146649,2.721691,-9.676461
0.153832,2.711516,-9.643540
0.148445,2.721691,-9.655511
0.143656,2.740247,-9.650723
0.120312,2.736057,-9.684242
0.150839,2.731268,-9.688432
0.175380,2.709121,-9.680052
0.144255,2.716304,-9.642941
0.127495,2.707326,-9.645934
0.135276,2.699544,-9.660898
0.142459,2.725283,-9.663891
0.128093,2.746233,-9.753676
0.139466,2.724684,-9.710579
0.132283,2.716903,-9.672271
0.151437,2.720494,-9.627977
0.149043,2.712114,-9.659102
-,-,-

-11.001093,-1.440156,-2.513988
-12.475967,-1.261782,-2.648666
-12.546598,-1.016968,-2.586415
-12.076123,-1.003799,-2.631307
-11.341679,-0.888874,-2.416421
-9.817125,-0.680572,-2.089603
-9.824906,-0.788314,-2.011190
-9.238309,-0.673389,-1.890279
-8.463761,-0.764970,-1.816057
-8.854028,-0.746415,-1.765777
-8.666077,-1.122914,-1.750813
-8.962967,-0.924788,-1.498217
-9.845257,-1.292309,-1.723279
-10.747899,-1.355159,-1.737046
-10.974158,-1.541912,-1.765777
-11.080105,-1.543110,-1.574235
-10.827509,-1.556278,-1.403643
-11.086689,-1.545504,-1.360546
-10.670684,-1.659830,-1.522160
-10.112219,-1.596981,-1.384489
-9.836877,-1.522758,-1.252205
-9.407105,-1.551490,-1.400650
-9.138348,-1.419206,-1.508393
-9.658504,-1.218685,-1.640078
-9.957788,-1.325231,-2.072244
-10.487522,-1.128900,-2.040520
-10.575511,-0.991828,-1.949538
-10.374991,-1.000806,-2.052492
-10.290592,-0.842186,-2.013585
-10.073911,-0.876903,-2.022563
-9.688432,-0.830813,-1.920806
-9.499883,-0.783526,-1.788523
-9.714171,-0.846376,-1.817254
-9.545374,-0.772752,-1.775953
-9.377775,-0.936760,-1.745426
-9.228133,-0.945139,-1.622121
-9.429252,-1.081015,-1.555081
-9.875186,-1.206115,-1.563461
-10.209187,-1.255198,-1.568249
-10.315732,-1.374912,-1.634092
-10.658712,-1.499414,-1.614339
-9.677658,-1.355159,-1.344983
-9.786598,-1.389876,-1.385686
-10.133169,-1.462901,-1.578425
-9.638153,-1.520963,-1.559870
-9.692622,-1.340793,-1.416213
-9.535199,-1.498816,-1.609551
-9.433442,-1.221678,-1.595784
-9.944021,-1.292908,-1.807078
-10.358829,-1.186363,-1.919011
-10.061341,-1.142069,-1.982459
-9.987717,-0.970279,-1.822043
-10.202603,-0.885881,-1.817254
-10.414496,-0.829616,-1.932179
-9.954795,-0.859544,-1.869330
-10.072115,-0.827221,-1.789121
-9.625583,-0.763773,-1.704723
-9.618998,-0.788913,-1.647859
-9.653117,-0.872114,-1.693949
-9.411894,-0.899050,-1.561067
-9.049161,-0.925985,-1.474873
-9.578296,-1.054678,-1.484450
-9.991907,-1.174391,-1.535927
-9.349642,-1.129499,-1.447339
-9.894939,-1.290514,-1.468887
-10.462980,-1.245621,-1.476070
-10.300170,-1.461106,-1.617332
-10.152922,-1.357553,-1.537722
-10.068523,-1.379700,-1.566454
-10.087678,-1.319843,-1.653246
-9.568719,-1.298894,-1.725673
-9.672271,-1.140273,-1.717293
-9.769838,-1.171398,-1.855562
-9.840469,-1.144463,-1.871724
-9.986520,-0.968484,-1.834014
-9.502876,-0.896057,-1.848978
-10.157710,-0.901444,-1.837007
-10.316331,-0.884085,-1.812465
-9.568120,-0.835601,-1.653246
-9.483722,-0.746415,-1.561665
-10.167287,-0.898451,-1.671203
-9.007860,-0.918204,-1.611945
-9.092856,-0.776942,-1.303084
-9.889551,-1.030735,-1.459310
-9.954795,-1.207911,-1.635289
-9.850046,-1.115732,-1.366532
-9.761458,-1.049889,-1.343786
-9.850644,-1.238438,-1.571841
-9.776422,-1.215693,-1.437761
-10.121796,-1.210904,-1.466493
-10.064932,-1.272557,-1.689160
-9.439428,-1.219284,-1.619726
-9.873989,-1.186961,-1.690357
-9.741106,-1.178581,-1.763383
-9.474145,-1.171398,-1.826831
-9.617203,-1.155836,-1.799896
-9.786598,-1.053480,-1.759791
-9.695017,-1.076226,-1.790318
-10.604841,-1.001405,-1.856760
-10.445023,-0.976265,-1.835211
-9.205986,-0.872713,-1.705322
-9.944021,-0.836200,-1.652049
-9.779415,-0.979856,-1.717892
-9.415485,-0.821834,-1.498217
-9.662694,-0.876903,-1.484450
-9.735719,-0.920598,-1.510787
-9.696812,-0.926584,-1.458113
-9.603436,-1.089993,-1.424593
-9.822512,-0.951125,-1.311464
-9.557346,-1.100767,-1.449134
-9.709382,-1.046298,-1.386285
-9.768641,-1.093584,-1.475471
-9.796175,-1.148054,-1.556278
-9.786598,-1.189355,-1.574834
-9.903917,-1.174391,-1.658035
-9.811139,-1.109746,-1.729863
-9.783605,-1.040910,-1.780143
-10.040391,-1.189355,-1.881301
-10.120000,-0.987039,-1.797501
-8.940221,-1.144463,-1.823240
-9.562134,-0.946337,-1.617332
-9.963774,-1.031333,-1.805283
-10.289395,-0.958907,-1.814860
-10.109825,-0.996018,-1.757996
-9.761458,-0.741626,-1.618529
-9.563930,-0.833207,-1.584411
-9.655511,-0.915810,-1.656838
-9.301757,-0.924190,-1.464697
-9.390345,-0.945738,-1.420403
-9.933846,-0.962498,-1.482654
-9.792583,-1.112140,-1.511385
-9.765648,-0.972075,-1.318646
-10.354639,-1.079219,-1.463500
-9.756669,-1.068445,-1.462901
-9.253273,-0.984645,-1.408432
-10.140950,-1.136083,-1.670605
-9.912896,-1.051685,-1.577827
-9.298764,-0.918204,-1.574834
-9.335875,-0.956512,-1.702927
-9.550163,-0.999011,-1.674795
-9.686038,-0.913415,-1.647859
-9.549564,-1.007989,-1.748419
-9.879376,-0.970279,-1.664020
-10.145739,-0.996616,-1.706519
-9.610020,-0.898451,-1.611346
-10.219363,-1.024151,-1.672999
-9.972154,-0.996616,-1.679583
-9.454991,-0.832010,-1.505400
-9.828497,-0.955315,-1.676590
-9.626181,-1.003799,-1.597579
-9.534002,-0.906232,-1.458113
-10.039792,-0.997215,-1.649056
-9.473546,-0.981054,-1.612544
-10.191230,-0.915211,-1.497618
-9.651321,-0.954118,-1.606558
-9.252674,-0.847573,-1.510787
-9.719558,-1.075627,-1.637683
-9.717164,-0.901444,-1.529343
-9.337671,-0.979258,-1.548497
-9.797372,-1.039713,-1.574834
-10.005075,-1.054079,-1.543110
-10.005674,-1.088197,-1.523357
-9.719558,-0.958907,-1.518568
-10.096656,-1.018165,-1.658035
-9.915290,-0.973272,-1.674795
-9.788992,-0.845777,-1.570045
-10.165492,-0.920598,-1.743032
-9.607626,-0.946337,-1.778347
-9.563930,-0.814651,-1.553884
-9.689629,-0.808067,-1.632296
-9.331087,-0.974469,-1.707117
-9.301158,-0.805673,-1.461704
-9.698009,-0.964892,-1.500013
-9.746494,-0.988236,-1.505998
-9.490306,-0.911021,-1.407833
-9.678855,-1.082212,-1.438959
-9.806350,-1.088796,-1.441353
-9.592661,-1.021158,-1.383292
-9.437033,-1.035523,-1.432374
-8.418868,-0.943942,-1.475471
-6.562108,-0.734443,-1.314456
-0.529134,-0.295692,-0.955914
-0.016161,-0.459102,-0.779336
-0.065243,0.016161,-0.146050
-2.518777,-0.733246,-0.813454
-0.554873,0.301678,-1.490436
0.035315,-0.473467,-2.316460
-0.227456,0.280130,-1.838803
-0.279531,0.030527,-2.651659
-0.402238,0.013168,-3.719505
-0.896655,0.180169,-5.018399
-3.538139,-0.352556,-6.639922
0.927781,-18.843540,-17.991777
-12.131790,1.651451,-19.611504
-3.557892,2.493637,1.545504
0.678776,19.611504,-19.611504
-5.831256,6.207157,-13.243332
0.334599,13.237346,-18.614887
0.645855,1.699336,-14.501523
0.870318,1.656838,-5.119558
2.839011,18.399403,-19.467848
1.617332,5.458946,-15.519689
1.409030,6.361588,-6.181418
0.196330,1.657436,-10.093663
0.254990,1.710709,-9.836279
0.212491,1.643071,-9.778816
0.387273,1.662225,-10.229538
0.244814,1.760989,-9.890150
0.401041,1.773559,-9.753078
0.281327,1.254001,-9.881770
0.193936,1.698737,-9.914691
0.182563,1.655641,-9.891347
0.180169,1.668210,-9.884763
0.183162,1.690357,-9.808146
0.152635,1.778946,-9.894939
0.139466,1.763981,-9.901523
0.007781,1.979466,-9.751282
0.146050,1.817254,-10.090072
0.091581,1.908835,-9.927860
0.090383,1.899857,-9.870397
0.096968,1.914222,-9.859024
0.098763,1.900455,-9.830892
0.140663,1.855562,-9.906311
0.143057,1.866935,-9.870397
0.114925,1.848978,-9.833286
0.092179,1.815458,-9.963774
0.108340,1.848380,-9.931451
0.119713,1.876512,-9.860820
0.091581,1.851971,-9.864412
0.151437,1.722082,-9.913494
0.168796,1.696942,-9.981731
0.147846,1.650253,-9.893143
0.156824,1.647261,-9.922473
0.149043,1.639479,-9.893143
0.153233,1.650253,-9.913494
0.152036,1.636486,-9.906311
0.148445,1.623916,-9.942225
0.125100,1.630501,-9.899727
0.164606,1.612544,-9.927261
0.148445,1.613741,-9.922473
0.151437,1.604762,-9.926064
0.122108,1.674795,-9.897931
0.116720,1.740039,-9.840469
0.129889,1.696343,-9.922473
0.141262,1.678985,-9.866806
0.141860,1.628106,-9.927261
0.127495,1.595784,-9.913494
0.147846,1.608354,-9.926064
0.155627,1.601769,-9.905114
0.145452,1.593988,-9.918881
0.144255,1.610748,-9.918283
0.145452,1.595784,-9.900924
0.136473,1.637085,-9.920677
0.141860,1.699935,-9.900924
0.122108,1.819050,-9.894939
0.080806,1.858555,-9.836877
0.090383,1.858555,-9.861419
0.090383,1.910032,-9.836877
0.084996,1.887885,-9.882967
0.116122,1.862745,-9.854834
0.113129,1.841795,-9.832687
0.149043,1.613741,-9.946415
0.153233,1.638881,-9.917684
0.134079,1.614339,-9.921276
0.152635,1.604164,-9.894939
0.148445,1.622121,-9.976942
0.079011,1.954326,-9.639948
0.128093,1.853168,-9.975745
0.071229,1.915419,-9.908107
0.085595,1.899857,-9.875784
0.108340,1.911229,-9.844060
0.087391,1.897462,-9.866806
0.093975,1.895667,-9.882967
0.090383,1.894469,-9.890749
0.098165,1.886089,-9.845856
0.099960,1.871724,-9.879974
-,-,-

-1.787924,8.752869,1.159427
-1.729264,9.037788,2.189564
-1.958516,9.612414,2.727677
-1.678985,9.406506,1.756200
-2.346987,9.371790,1.603565
-2.009395,9.240104,1.523955
-2.072843,9.163488,2.055484
-2.768380,8.916877,1.943552
-2.798907,9.505270,1.897462
-2.436174,9.087469,1.540715
-2.244632,9.597450,1.472478
-1.744229,9.961380,1.248614
-1.216890,9.388549,0.678178
-0.023344,9.821315,0.524346
-0.014365,10.151725,0.748210
-0.620117,9.833286,0.873311
-0.998412,9.701002,1.125309
-0.851164,9.441223,1.046298
-0.735042,9.554952,1.458711
-0.761977,9.698608,1.707716
-0.455510,9.537593,1.708315
-0.047885,9.442421,1.464099
-0.318438,9.729135,1.703526
-0.666805,9.350840,1.787924
-0.993025,9.155706,1.383890
-0.729655,9.715967,1.327026
-0.152635,9.741705,0.923591
-0.182563,9.816526,0.934365
-0.335198,10.647339,0.752400
-0.590188,12.532232,1.792114
-0.514170,12.475967,1.869928
-2.454131,9.840469,2.466103
-3.530358,9.289786,2.119531
-1.265374,9.731529,0.225660
-0.117918,10.651529,1.914821
-0.966089,10.362421,2.042316
-0.533923,9.952401,2.985062
-0.693142,8.290774,2.512192
-0.566844,7.740091,3.150865
-0.445933,7.536578,2.685179
-0.438750,7.519219,2.929395
-0.387273,7.341445,3.733871
0.609342,7.918465,4.465322
1.238438,8.229122,5.423630
1.948341,8.175849,5.419440
2.091997,8.641536,5.001041
-0.263968,8.850436,4.740664
-1.594586,9.873989,4.055901
-2.379310,7.774808,4.668835
-4.611971,5.907274,2.955133
-3.737462,6.624958,2.490644
-5.543943,13.873625,4.191776
-2.928796,17.885832,3.505218
0.937358,5.303318,-2.040520
1.905244,6.365778,-2.176395
-0.095770,11.402733,1.579024
-3.005413,11.362629,1.688562
-0.940351,8.915680,2.806688
0.071828,9.097046,3.398074
2.054886,8.688224,2.131503
1.094183,9.365205,1.822641
0.235237,9.995498,2.739648
-0.827820,9.803956,2.920416
-1.357553,8.815719,2.632505
-0.431568,9.271230,2.904853
0.509980,10.075706,3.090410
-0.126297,9.001874,2.632505
-0.259778,9.422069,2.826441
1.156434,11.129786,0.837996
1.641873,11.523045,-1.158230
-1.309069,13.130202,2.336812
-1.542511,10.905322,1.894469
-0.828419,8.148914,1.087599
1.814261,10.390553,1.158828
1.616734,9.788992,1.777150
0.602160,9.255069,1.565855
1.253402,8.513442,1.490436
0.443539,9.031802,1.472478
1.507195,8.028601,1.533532
1.831620,7.633546,-0.166402
-2.332023,8.561327,-1.515575
0.648249,9.886559,1.040910
-2.892283,12.156930,0.970279
3.490852,11.042395,2.016577
2.354170,10.583891,-4.888510
3.647079,9.709981,2.666024
-0.269954,8.776214,1.250409
-2.129108,9.261653,-0.324424
-0.783526,10.356435,1.075627
-0.642862,9.660300,1.014573
-0.371711,9.472948,1.792713
1.541912,9.147925,0.626102
3.757814,9.414886,1.892674
2.165022,9.554952,1.981860
-0.720676,9.760261,3.095797
0.336994,9.808745,1.306076
2.746233,8.329681,2.050696
4.559896,8.527808,-0.405231
3.664437,9.022824,-3.463917
0.554873,12.463995,3.609369
-3.920624,10.450410,-1.207911
-7.344437,8.769629,0.293298
-6.271204,8.505062,1.884294
1.462303,5.025582,1.793311
0.878100,7.326480,2.448744
0.501001,10.395342,1.273754
-7.020013,12.279038,0.176577
-4.687391,8.113598,0.044294
1.171398,13.790424,1.386883
4.956148,13.738348,0.124502
4.966923,7.046350,-0.884085
3.432791,5.296135,-1.650852
6.941002,10.094262,0.912218
6.816500,5.599011,7.762238
6.361588,0.441743,10.887964
3.847599,-1.174990,10.948419
-6.794951,5.786962,9.416682
-0.386675,8.285986,12.868029
-2.487052,-1.015172,15.315577
-13.255303,-5.758829,19.611504
-8.290774,-3.781756,15.604685
1.315055,1.377306,9.701002
1.130097,4.693377,5.764216
-5.809707,3.558490,4.250436
-2.977280,-4.288744,7.444997
-10.224750,-7.352817,6.854210
-6.857801,-13.498921,7.128354
-10.151725,-11.794796,7.808927
-4.418035,-13.886793,4.956747
-3.502225,-6.247261,0.319635
1.605959,-4.145686,3.097592
-3.473494,-6.046740,0.040702
-1.567651,-4.848406,3.072453
-0.796096,-11.056760,9.527417
-3.710527,-6.950579,4.328848
-1.508991,-6.226311,8.380560
1.301886,-6.502251,8.956383
4.258816,-5.468523,9.291581
-0.228653,-4.942381,8.861210
-2.150657,-3.609967,9.978738
-1.854964,-0.128093,9.665687
-0.080208,2.874326,8.557138
1.834014,2.032140,9.998491
1.685569,1.284528,9.502277
1.012179,2.346987,10.067925
0.803279,1.974079,9.615407
1.175588,2.990449,9.475342
1.817254,3.196356,9.441223
1.245621,3.245439,10.159506
0.514170,2.791724,10.117008
5.038751,2.316460,6.496864
3.224489,2.569655,9.724945
2.052492,1.735849,9.821913
1.592791,1.857957,10.251685
3.478282,2.053090,9.518439
4.109772,3.377723,8.423058
3.398074,3.228679,9.222147
3.466909,3.015589,8.410488
3.322654,2.525361,8.278205
4.069069,3.812882,8.229720
3.001223,2.543318,8.696005
3.000624,3.275367,8.595446
2.694756,3.680000,8.333273
2.741444,3.690774,9.061132
3.256213,3.897879,8.874977
2.913233,3.620143,8.714561
3.080234,3.185582,8.362603
3.000026,2.814469,8.365596
3.258607,2.941965,8.548758
2.817462,2.901861,8.566116
3.112557,3.275367,8.867196
3.143084,3.319661,8.891737
2.985660,3.259805,8.695407
2.983266,3.143084,8.622382
3.065270,3.097592,8.497281
3.147274,2.975484,8.752869
2.980872,2.800702,8.535589
3.064073,3.092804,8.566116
2.994639,2.923409,8.715758
3.382511,3.727287,8.576292
3.331034,3.653663,8.680443
3.511802,3.220299,8.706780
3.582433,3.134704,8.545765
3.478881,2.989252,8.632557
3.143682,2.706129,8.251867
3.100585,2.955732,8.633754
3.238855,3.232270,8.678647
3.062875,3.231672,8.558933
3.426207,3.235263,8.567313
2.624125,3.425010,8.237502
3.357970,2.908445,8.658296
3.304099,3.003019,8.420065
3.357371,2.715706,8.661288
3.101782,3.066467,8.694808
3.428601,3.171216,8.542772
3.232270,3.111360,8.446402
3.378321,3.083825,8.701991
3.204736,2.848588,8.818712
3.637501,3.291529,8.438621
3.417827,2.789928,8.719948
-,-,-

-1.220481,9.623787,1.040910
-1.462901,9.824307,1.309069
-1.108549,9.436435,0.896057
-0.927781,9.669278,1.005595
-1.131893,9.725544,1.468289
-1.093584,9.475342,1.228861
-0.952921,9.672271,1.182173
-1.237840,9.816526,1.663422
-1.292908,9.560937,1.495224
-0.935562,9.335277,1.191151
-0.924190,9.630970,1.497618
-0.964294,9.390345,1.143266
-0.767365,9.525622,1.302485
-1.030735,9.582486,1.109147
-1.013975,9.628575,0.831411
-0.509980,9.722551,0.724866
-0.153233,9.592661,0.784124
-0.246011,10.367808,0.764372
-0.737436,9.670475,1.079817
-0.577618,9.706988,1.415016
-1.079219,9.824307,1.402446
-0.782927,9.396331,1.300091
-0.325022,9.495693,1.328822
-0.284918,9.644737,1.055276
-0.554274,9.502876,1.206115
-0.825426,9.701601,1.216890
-0.949329,9.752479,0.975068
-0.852960,9.621393,1.012778
-0.998412,9.736318,1.139674
-0.799089,9.434041,1.013376
-0.240624,9.711178,1.301886
0.572231,9.611816,1.307872
1.064853,10.087678,0.625504
0.377098,9.636955,-0.128692
-0.849368,13.142772,1.461106
-1.279739,11.985739,1.759193
-1.354560,10.332492,1.695146
-0.773949,8.471542,1.448536
-0.952921,10.328901,2.384697
-1.093584,11.111230,2.509199
-0.392062,9.353234,2.285933
0.444137,8.652310,2.191359
1.361743,9.141939,3.244840
0.966089,8.836071,2.654652
-0.210097,8.204581,2.981470
0.289108,7.509642,2.952739
-0.982849,7.500664,2.804892
-1.003201,6.332856,3.677606
0.606948,6.648302,4.163643
3.562082,8.754067,5.150683
4.772986,10.278023,5.651087
3.380715,9.298764,4.229486
1.787326,8.469148,2.931789
0.180169,16.163748,2.822251
-2.892882,11.942043,3.933793
-1.294105,7.531789,3.301704
-1.715497,5.251841,0.040702
0.584203,13.566559,0.306467
3.366350,11.499103,1.953129
-0.665608,7.691607,1.519167
-2.141678,9.601041,1.182173
0.673988,10.268445,0.149043
-0.463890,9.274821,1.249212
0.799687,9.716565,0.612335
0.966688,9.941627,0.903240
0.286115,9.381367,1.298894
1.018165,9.317320,1.353962
1.151646,9.726741,1.126506
1.106154,9.485518,0.481249
0.433962,9.077294,0.742225
-0.415406,9.632765,1.030136
-2.498425,13.221783,1.728067
-1.641275,14.697255,2.162030
-3.115550,11.323123,3.226285
-3.483669,9.760859,3.262199
-0.808067,9.195810,1.962706
1.012778,9.776422,2.850982
-0.017358,9.282603,2.812674
-0.040702,7.525804,2.091997
-0.638672,7.084659,2.769577
-1.077423,6.815901,2.468497
-1.298295,7.212154,3.286740
-0.937358,7.311516,2.609759
0.299882,7.906493,3.796122
2.367937,9.450801,4.450956
3.973897,9.048562,5.043539
1.854964,7.799948,2.785140
-0.239427,16.755733,3.888302
-2.803695,9.841666,4.364164
-4.480885,6.873962,3.092205
0.073623,8.491894,-1.226467
-0.870318,12.698634,0.945738
0.666805,10.193624,0.742823
0.437553,8.868992,0.110735
-0.708106,8.894132,1.275549
-0.511177,10.028419,2.017176
0.278933,10.308550,1.996825
-0.268757,9.368797,1.072635
-1.199531,9.183839,0.031125
-0.690748,10.287001,0.117319
3.514795,11.236331,2.013585
2.153051,10.941835,1.999219
-1.720884,9.318517,3.514795
-0.923591,9.268836,2.904255
0.560260,9.028810,1.564658
1.033129,9.183240,2.633103
4.918438,8.836071,3.428002
2.415823,8.222538,3.429200
0.213689,7.379753,3.583630
-1.309668,7.571295,4.087625
0.180169,7.158881,3.945764
1.820845,7.189408,5.205153
1.940559,7.504255,5.493064
-0.275940,13.992740,4.691581
-1.154040,11.516461,3.278959
1.562264,7.840052,0.394456
1.962706,7.993884,1.015771
1.224072,9.119194,1.748419
2.364346,11.007079,2.022563
2.443955,8.835472,1.668809
2.578035,8.480521,1.224072
2.488250,9.402317,1.230657
2.742043,9.076695,1.146857
2.595992,8.842655,1.279739
2.326636,8.829486,1.270162
2.634899,8.582277,2.234456
2.206922,7.808927,0.153233
2.244034,10.310345,1.917215
2.275758,10.046376,1.993832
1.844788,11.331503,1.705322
0.352556,11.450619,1.377306
-1.679583,13.457021,2.611555
-3.343006,8.998881,-0.586597
7.806532,2.689967,2.354170
3.955940,4.757423,1.939362
8.757059,3.496239,4.050514
-0.891268,2.469694,3.657853
5.142303,5.180612,-1.917215
5.379935,4.523383,4.817879
3.521978,4.741262,7.802342
7.038569,6.438803,7.647313
9.747691,9.200000,7.116383
0.369915,-0.638074,4.300716
-0.143656,1.182771,4.690982
3.697358,6.482498,12.313755
-5.048328,5.734288,11.951022
-19.611504,11.118413,16.885622
-0.083201,8.839063,15.278465
-4.339024,5.955758,6.146103
-10.757476,4.235472,6.393910
-6.101809,4.863370,5.054912
-0.964892,5.862381,3.818868
-4.369551,4.794535,3.128718
-4.059492,5.548133,2.443357
-6.542954,6.459753,2.900065
-4.616161,6.081457,3.535745
-5.749252,1.681978,4.058295
-5.226701,2.291320,7.431230
-5.415250,3.684190,6.864984
-8.329681,1.745426,16.934706
-1.483851,0.794899,12.137775
-3.211919,-8.006454,12.302980
-5.573273,-10.272635,8.859415
-4.636513,-5.894704,6.779389
-0.686558,-2.499622,5.918048
1.678985,-2.661834,6.054522
5.115368,-5.281770,7.420456
4.474899,-7.781392,6.444789
-1.105556,-9.961978,7.907690
2.444554,-8.549356,6.997268
-1.535927,-5.334444,9.869799
3.132309,-6.436409,7.045153
0.805074,-8.803149,5.877944
0.815250,-8.118985,5.398491
1.185764,-6.756044,6.541757
1.891477,-7.249863,5.994665
2.872531,-7.708966,5.949174
0.524944,-7.164268,5.537358
0.614131,-7.999271,6.336448
1.531138,-8.222538,5.879740
2.028549,-7.112791,5.941991
2.156044,-7.433624,5.888718
2.257202,-7.637736,5.782173
2.001613,-7.174444,5.606792
2.270371,-7.604216,5.784567
3.338217,-8.115992,5.422433
2.826441,-7.456968,5.251243
3.025166,-7.847834,5.485283
2.703136,-7.756253,5.124945
2.765387,-7.635940,5.549330
2.728874,-7.886142,5.238074
2.657644,-7.880755,5.372154
3.064671,-7.882551,5.260820
2.500819,-7.755055,4.947768
2.360156,-7.485101,5.229096
2.151854,-7.489291,5.467924
2.531346,-7.408484,5.493663
2.421210,-8.016630,5.257228
2.190162,-8.006454,5.420638
3.049707,-7.916669,5.050722
2.740247,-8.018426,4.910657
2.331425,-7.843644,5.169837
2.894678,-7.698191,5.270397
2.431386,-7.626363,5.214730
2.345790,-7.859805,5.574470
2.208718,-7.387534,5.539154
2.133298,-7.394119,5.730696
2.333220,-7.722134,5.528979
2.292518,-7.773611,5.326662
2.464307,-7.726923,5.351204
2.509199,-7.709564,5.444580
2.527157,-7.499467,5.363774
2.579831,-7.633546,5.303318
2.551698,-7.625765,5.327859
2.537931,-7.629356,5.387716
2.536734,-7.522811,5.406272
2.513988,-7.816708,5.272193
2.601379,-7.741887,5.222511
2.604372,-7.774210,5.241666
2.772570,-7.793962,5.190787
2.622329,-7.869981,5.103995
2.628913,-7.806532,5.233884
2.599583,-7.881952,5.225504
2.762394,-7.723930,5.126142
2.682186,-7.896318,5.072869
2.564268,-7.867586,5.050124
2.476278,-7.911880,5.173429
2.748627,-7.761041,5.138712
2.675602,-7.866389,5.106988
2.694157,-7.983110,5.120755
2.663630,-7.615589,5.046532
2.558881,-7.898113,5.040546
2.670813,-7.940612,4.964528
2.557085,-7.828081,5.066883
2.564268,-7.920859,5.092023
2.464307,-7.825088,4.938790
2.570253,-7.926246,5.093220
2.718698,-7.762837,4.999245
2.667222,-7.875966,5.055511
2.697150,-7.841249,4.977098
-,-,-

1.018165,9.698608,1.309069
1.072036,9.595654,1.319843
0.967885,9.638153,1.350969
1.009186,9.645934,1.284528
0.965491,9.586077,1.327026
1.101964,9.707587,1.432973
1.036720,9.669877,1.277345
1.049889,9.570514,1.319245
1.026545,9.617801,1.320442
0.948132,9.576500,1.317449
0.887677,9.626780,1.390475
1.070839,9.642941,1.456916
1.061860,9.656110,1.436564
1.163018,9.574106,1.453324
1.078022,9.596253,1.400650
1.011581,9.454991,1.383292
0.967885,9.629174,1.445543
1.058269,9.640547,1.834613
1.521561,9.845257,1.732257
1.719089,9.602837,1.763981
2.483461,9.395134,1.684970
2.704931,9.253273,2.054287
1.650253,9.581289,1.192947
0.639271,5.706155,-1.428184
0.485439,1.832218,5.667248
1.193545,5.704958,-3.227482
0.499804,13.164321,10.576708
4.151073,19.611504,4.192375
6.256239,14.797216,7.458764
3.583630,19.611504,4.248042
1.130097,18.165960,1.344983
3.180195,9.248484,3.960130
1.091789,2.848588,1.151646
0.272348,-1.227664,-1.304879
3.167625,-2.681587,0.124502
0.529134,3.916434,0.855354
-1.838803,2.296109,-0.548288
-1.519765,0.908028,-0.672192
0.072426,-1.064853,-0.767365
-0.111333,4.016395,0.802680
11.306962,19.611504,-1.091190
12.981159,15.595108,13.106260
4.449161,9.877580,5.087235
8.279402,13.613247,6.554925
9.223344,11.062147,4.923826
5.890514,7.534184,2.553494
0.617124,4.550917,1.168406
-1.541314,3.150865,-0.153832
0.946935,5.657072,0.950527
3.149069,7.513234,0.854756
4.262407,9.015641,1.377905
3.160442,8.390735,1.972882
5.252440,8.230918,5.903084
4.173819,10.385166,12.064750
11.132180,4.762811,7.609005
11.443436,0.411216,11.083696
3.036538,9.159896,5.174626
6.065895,19.611504,6.074873
2.427196,11.479948,2.209915
-1.831620,10.640157,-0.594378
0.867326,4.177410,0.884684
0.411815,0.961899,-3.990657
-0.261574,6.988888,-1.446141
3.205933,19.611504,1.317449
2.108158,7.920859,-0.894860
6.131737,5.733090,-4.780768
16.003931,8.506858,3.941574
8.030397,3.821262,3.280156
7.396513,5.285960,8.359610
9.312531,1.583812,3.985868
8.645127,4.180403,3.471698
0.441145,6.647703,3.481874
-0.839193,8.223735,2.008197
0.877501,8.714561,-0.973272
1.186961,9.975147,3.134105
4.221106,8.793572,-0.311854
9.061731,6.580664,3.787742
9.867404,2.078230,5.167443
10.181653,-0.881691,8.220143
4.202550,2.885101,10.421080
-7.401900,1.705322,3.243643
0.616525,-0.336994,9.818920
-3.319063,-1.129499,9.520235
-1.117527,-1.689160,10.698218
-2.960520,-2.438568,11.400937
-2.839609,-1.160026,13.712610
-1.901652,-2.492440,15.346702
-1.851971,-1.731060,13.540820
-3.058087,-2.006402,11.989929
-1.164216,-1.423994,10.604841
-0.545296,-1.361145,10.452805
-0.515367,-1.550292,8.818113
0.588991,-3.387898,8.297957
-0.476460,-2.816864,7.969942
-0.034118,-3.071255,8.618790
0.090383,-3.553103,8.314119
-0.602758,-3.463917,7.855615
0.088588,-3.043721,10.048172
-0.134079,-3.058686,10.276825
-0.028132,-2.951542,10.623397
-0.257983,-3.466909,9.678855
0.049681,-3.514795,10.360026
-0.161014,-3.461522,8.928250
0.135875,-3.511203,8.739102
0.066441,-3.564476,8.391334
0.069433,-3.414834,8.772024
0.164007,-3.423812,8.689421
0.068236,-3.402863,8.934236
0.015562,-3.325647,9.207183
-0.016759,-3.530956,9.376578
-0.107143,-3.437579,9.456188
-0.047286,-3.542329,9.484320
-0.098165,-3.524372,9.425062
-0.048484,-3.465114,9.291581
-0.056864,-3.225686,8.988107
-0.053272,-3.201743,9.077294
0.031724,-3.196955,8.836669
-0.083799,-3.305296,8.921666
0.087391,-3.357970,9.047365
0.002992,-3.165231,9.083878
-0.073623,-3.259206,9.346650
-0.125100,-3.357970,9.345452
-0.181964,-3.406454,9.292778
-0.142459,-3.361561,9.277814
-0.159219,-3.612362,9.136552
-0.144853,-3.703943,9.049760
-0.043695,-3.679401,9.022824
-0.238230,-3.477085,8.876773
-0.043695,-3.412440,9.062329
-0.315445,-3.266987,9.270033
-0.283122,-3.285543,9.255069
-0.257983,-3.553103,9.037190
-0.586597,-2.920416,8.894132
-0.502797,-2.958126,9.194015
-0.344775,-2.922212,9.222746
-0.566245,-2.980872,9.009057
-0.651841,-3.808692,9.180248
-0.410618,-3.694365,9.056344
-0.286115,-3.713520,8.804346
-0.411815,-3.398673,9.146129
-0.572231,-3.496239,9.104229
-0.581808,-3.530956,9.115004
-0.480052,-3.687781,8.870788
-0.591984,-3.738061,8.976136
-0.421392,-3.741652,8.901913
-0.351958,-3.636304,8.986910
-0.325621,-3.512999,8.942017
-0.530331,-3.683591,8.822303
-0.724866,-3.886506,8.839662
-0.399843,-4.030761,9.054548
-0.632088,-3.888302,9.015641
-0.581808,-3.721900,8.869590
-0.516564,-3.812882,8.914483
-0.594378,-3.873338,8.830085
-0.465087,-3.894287,8.822303
-0.421990,-3.898477,8.868393
-0.487833,-3.917632,8.882759
-0.389668,-3.719505,8.953989
-0.502797,-3.743448,8.999480
-0.413610,-3.696760,8.873780
-0.455510,-3.795524,8.933637
-0.380091,-3.722498,8.909096
-0.418399,-3.744047,9.053351
-0.418998,-3.821861,9.053351
-0.372908,-3.772778,8.986910
-0.442342,-3.584229,8.867795
-0.389668,-3.579440,9.109018
