-,-,-

-3.420221,-3.733871,13.919116
-0.408223,2.619336,8.990501
-0.359141,3.572257,14.401562
-3.082628,3.000026,11.453013
0.766167,7.951985,4.695172
1.489238,9.773429,8.983318
2.210514,-0.363929,10.935849
4.106181,7.144515,3.147872
1.245022,9.375381,12.061159
2.604372,7.227716,-2.014183
1.783136,12.004295,6.258634
1.207911,5.634327,2.958126
2.528354,6.754249,-2.283539
1.972882,13.617437,0.826024
1.813663,9.739909,3.340013
1.218087,8.761848,3.902667
0.828419,8.934236,2.522967
-0.441145,10.558153,7.860404
0.347768,7.587456,4.312088
-0.207104,3.343604,1.717892
-1.289915,9.001275,4.503630
5.470319,0.496213,1.787326
1.727469,5.227300,11.485336
0.794300,6.068289,7.339649
1.661626,5.858191,6.866780
2.177592,4.172622,9.595056
2.624125,3.833233,8.605023
1.336005,4.361171,7.453377
1.136681,2.970696,7.775407
-4.398881,4.719115,7.996279
1.146259,3.571659,10.600651
1.377306,-3.992453,7.807730
0.272348,14.377619,10.091868
0.180169,7.596435,6.766220
0.438152,14.538036,6.429226
-2.475680,8.333273,6.535771
-4.956747,8.486506,7.136135
-3.822459,7.490488,7.893325
-3.685387,4.454548,6.471126
-1.924996,11.782824,4.350397
-2.770774,8.410488,7.670059
-4.681405,6.256239,7.887339
-3.983474,6.277189,7.263032
-10.745505,-0.104749,4.068471
0.273545,9.482525,6.357398
-4.200156,13.933482,5.482290
-3.462719,-1.659232,4.319870
-3.052101,4.118751,8.448797
-3.661444,8.815121,8.097437
-4.446766,7.291763,4.336031
-4.720312,5.976109,-0.560260
-4.411451,5.259623,5.047729
-4.216916,8.276409,1.772361
-4.659857,7.989096,2.453533
-2.983266,8.581679,2.202732
-3.396278,8.339259,3.156252
-2.771971,9.314327,0.366324
-2.960520,7.146311,-1.959115
-4.263006,5.525387,-0.034716
-3.003019,9.872193,0.180169
-3.217905,9.427456,-6.793754
-2.730071,7.696396,-0.198126
0.044892,12.523254,1.281535
0.618321,12.042603,-2.457124
-0.557866,6.076070,1.007391
-0.280130,8.451789,-1.256395
-1.512583,8.810931,-0.657228
-1.072036,10.424672,-2.828237
-1.662823,12.770463,-2.539128
-2.564268,12.374809,-0.530930
-2.854574,11.565544,-3.348991
-2.485855,12.180274,-5.073468
-0.409420,12.343683,-6.067690
-1.081613,7.421653,-5.142902
-0.736838,7.409083,-7.442004
-0.665608,5.357788,-2.098581
-0.892465,3.764997,-3.038334
0.575823,8.083670,3.025166
2.020767,10.442629,3.515393
0.553676,8.476929,-3.429200
1.145660,9.127573,-2.854574
1.576629,9.926064,1.990240
1.407234,12.690254,-0.944541
0.424983,8.499076,1.280937
1.174990,12.049187,2.142277
0.265165,10.228341,-0.077215
-0.038308,8.591855,-1.526350
0.404033,8.879167,1.072635
1.891477,10.251087,-0.439947
1.849577,10.538400,-1.344983
2.111151,10.265453,1.070839
1.894469,12.583111,-0.608744
0.830214,5.746858,-4.167833
2.275159,7.299545,7.160677
-1.095380,7.596435,2.835419
1.066050,9.727938,-0.319635
1.078022,10.349851,1.036122
-0.272348,10.117008,1.235445
-2.010592,10.189434,0.958907
-1.659830,8.217749,1.450331
1.494626,9.614808,-11.283019
-3.856578,8.860013,-0.145452
-6.652492,6.982303,3.439974
-4.610774,12.134783,-0.395653
-3.426805,8.758257,1.259987
-3.935589,11.039402,1.547300
-2.947950,10.205596,1.397657
-2.791125,7.370774,2.556486
-2.029746,10.343266,2.400859
-2.571451,7.544958,1.591594
-2.877918,8.705583,0.533923
-3.459727,9.384359,0.631489
-4.534756,9.415485,2.122524
-4.490462,7.953780,1.492231
-5.663058,7.833468,1.842993
-4.605387,9.571711,2.090800
-9.560339,5.994665,4.916643
-4.935198,9.425062,0.782927
-4.093012,7.983709,1.174391
-3.525569,12.412518,0.708106
-4.011008,10.933455,6.034769
-4.355185,8.102824,-6.106597
-4.309694,7.552141,1.486246
-4.340820,7.089447,1.276747
-3.933194,9.569916,-0.104749
-4.030163,8.500872,1.828028
-3.371138,9.085075,1.528145
-3.256812,6.484893,-2.500819
-4.965725,8.639141,0.512374
-5.864177,6.876357,2.626519
-6.106597,10.338478,1.604762
-6.772804,7.177437,2.102173
-6.661470,10.858634,1.543708
-6.046142,5.131529,-0.491424
-3.413038,6.828471,-1.973480
-4.057697,8.907300,-0.284320
-11.496110,-2.353572,-3.817671
-9.664490,4.863969,-1.750813
-7.662876,9.506467,1.465296
-7.110996,8.802551,0.542901
-7.954977,5.289551,0.363331
-6.220325,11.782824,-1.729264
-7.919063,3.894886,-3.012596
-3.275966,9.905114,-1.152843
-5.334444,7.532986,-1.724476
-6.951178,7.657489,-1.768171
-9.114405,5.879740,-0.037709
-8.543370,7.516227,-3.318464
-9.300560,6.079063,-0.561457
-8.381757,5.865973,-2.086011
-8.296760,4.316278,-0.990631
-9.164685,3.286142,-1.911828
-6.451971,13.871829,-2.664229
-6.686610,7.212752,-0.827820
-6.080260,7.162472,-0.990631
-8.195003,0.881093,0.669798
-7.558126,6.757241,0.404632
-9.642941,6.814105,-0.444736
-9.107821,8.035186,-1.427586
-8.787586,6.514821,0.447729
-9.342460,2.636695,-0.745218
-8.686428,3.797918,0.031125
-8.051946,6.366975,0.028731
-8.138139,8.355420,-1.367130
-8.590657,6.120364,1.842394
-5.800729,9.437033,-1.709512
-6.402290,6.796747,-0.468080
-7.433624,3.545322,1.825634
-6.037762,10.554561,-0.002394
-10.275030,4.827456,0.006584
-9.559142,6.851217,0.168796
-7.685622,6.009629,1.268965
-6.446584,4.036747,-1.220481
-5.876747,6.836851,2.743240
-6.235290,7.818504,1.084007
-4.944177,10.364815,0.427976
-5.205751,9.203592,0.823630
-5.388913,8.922264,0.054469
-6.066493,8.783396,0.744020
-5.311698,10.072713,1.032530
-4.725101,8.511646,0.252595
-3.353181,8.121380,-1.230657
-4.615563,9.447209,-1.304281
-3.917632,10.392349,0.690149
-3.617150,11.098660,1.881301
-2.362550,9.463969,0.008379
-0.015562,12.601068,-0.548288
-0.600364,9.999089,-0.206506
-1.145660,9.937437,0.058061
-1.668210,9.421471,0.081405
-1.520364,9.788992,-0.166402
-1.737046,9.803358,-0.243018
-1.859752,9.505270,0.074821
-1.670006,9.629174,-0.243018
-1.206714,9.878179,-0.287312
-1.433572,9.981731,-0.052674
-1.834613,9.741705,0.155029
-1.304879,9.825505,0.017957
-1.452127,9.489708,-0.459700
-1.082212,9.753078,-0.441145
-2.039922,9.640547,-0.418998
-1.803487,9.680052,-0.493819
-2.008197,9.504073,-0.404632
-1.880104,9.530410,-0.223266
-1.409629,9.897931,-0.066441
-1.338998,9.481926,-1.085803
-3.041926,10.092466,-0.658425
-2.208718,9.790189,-1.286922
-1.834613,9.721952,-0.389069
-1.809473,9.532206,0.528536
-1.951333,10.328901,0.701522
-1.594586,10.592870,-0.199323
-2.229069,9.684242,1.376707
-2.025556,9.365205,1.423396
-1.592791,9.697411,1.468289
-2.022563,9.358022,1.607156
0.238828,10.351048,1.319843
-0.603357,9.050358,2.618738
-1.418607,9.183839,1.447937
-1.382095,9.803956,2.646272
-0.807469,8.876773,3.076643
-0.267560,9.498088,2.689967
-0.186753,9.440625,2.294912
0.450123,8.829486,2.102771
0.314847,8.727131,2.417020
-0.082602,7.502459,2.627716
-0.304671,6.691997,2.612153
-0.398048,7.362993,2.594196
0.153233,7.698790,2.346389
0.435159,8.849838,2.019570
2.095588,11.142954,2.743240
0.381288,12.894366,2.539726
-2.951542,13.575537,3.470501
-1.269564,9.793182,2.318256
-1.057670,9.112011,0.477059
-2.026155,8.374574,-0.026935
-2.491242,9.123384,1.670006
-2.221886,9.142538,1.243227
-1.017566,10.325309,-0.093376
-0.633884,10.282212,0.396252
-1.130696,9.465166,1.344983
-1.255797,9.340065,1.140871
-1.285126,9.729135,0.487833
-1.219882,9.458582,-0.114925
-1.671203,9.381965,0.585400
-2.361353,9.784802,0.571633
-1.462901,9.767443,0.329212
-1.689160,9.451998,-0.001795
-1.713702,9.462173,-0.275940
-1.268367,9.938035,0.047885
-1.334209,9.605231,-0.284320
-1.933975,9.270033,-0.540507
-2.015380,9.343657,-0.322628
-1.998620,9.082082,0.026935
-1.623318,9.660898,-0.019752
-0.404632,11.342876,0.581808
-1.668809,12.238934,-1.096577
-2.566662,11.625999,1.498217
-1.971685,9.948211,1.149251
-2.839609,9.279610,1.476668
-2.695354,9.376578,0.858946
-1.149251,10.616214,1.656239
-1.103760,10.306754,1.613741
-2.102771,9.170072,1.274352
-2.620533,8.765439,2.005205
-2.081821,8.936031,1.881899
-1.421002,8.496682,1.841197
-0.435758,8.718751,2.314066
-1.358750,7.884346,2.126714
-1.787924,6.693195,2.080026
-0.714092,6.902095,2.433780
-0.633884,7.987300,3.311282
1.670605,10.512661,4.622147
1.986050,11.746910,2.952739
0.560858,9.460378,3.638100
-4.232479,14.007105,2.219492
-6.074275,10.870007,2.771373
-2.171008,9.621393,-0.873910
-3.055094,7.174444,-1.011581
-4.276773,9.168875,-1.615536
-1.722680,9.777021,0.076018
-0.866727,10.157710,-0.630292
-2.119531,9.338270,-0.912817
-3.131112,9.545973,-0.155627
-2.429590,9.730332,-1.296499
-1.671203,9.908706,-0.575224
-1.845387,10.237918,-0.769160
-1.722680,9.701601,-0.544098
-1.837605,9.560937,-0.914014
-1.543708,9.938035,-0.809863
-1.273155,10.188237,-0.542901
-1.520963,9.625583,-0.339987
-1.306675,9.572909,-0.801483
-1.296499,8.760651,-0.631489
-1.493428,9.703995,0.750605
-1.936968,10.545583,0.657228
-3.193363,8.514041,0.801483
-2.715107,10.028419,0.972075
-1.275549,10.315732,1.842993
-1.662823,10.155316,2.110553
-1.750214,9.392141,1.986649
-1.563461,8.970748,2.094990
-2.214105,8.660690,2.011789
-2.530149,8.842056,2.083617
-2.417618,9.068315,2.036330
-3.044918,9.077294,1.838803
-2.986259,9.065322,1.665816
-2.035133,8.877970,1.974678
-2.233259,8.775615,2.202134
-2.456525,8.571503,2.157840
-2.050097,8.593650,2.409238
-1.604164,9.237112,2.804294
-2.586415,9.151516,3.163435
-2.808484,10.776630,3.196955
-2.894079,11.651738,2.763591
-3.423214,9.400521,1.359948
-3.626727,7.635342,0.415406
-3.191568,8.297957,-0.724866
-1.988445,9.270631,-1.048692
-0.732049,10.021835,-1.647261
-0.873910,10.495902,-0.569837
-0.772752,10.440833,-0.073623
-0.866128,9.929656,-0.758985
-0.629095,9.179649,-0.797293
-0.770357,9.050358,-0.869720
-0.480052,9.745895,-0.627898
0.004788,10.415693,-0.102953
-0.195731,9.815329,-0.524944
0.089785,9.671672,-0.363331
0.084398,9.488510,-0.169993
0.228054,9.869200,-0.350162
1.233051,10.018244,0.082003
1.103760,10.191230,-0.308861
0.773949,10.425270,0.360338
0.009577,10.157710,1.391073
0.278933,12.068341,-1.291112
-0.438152,13.004503,0.221470
0.945738,10.920287,-0.295692
-0.535718,11.347066,-0.621912
-2.736656,8.931842,-0.224463
-1.318048,10.040989,-0.173584
0.520754,10.914301,1.039115
-1.032530,9.247886,-0.270553
-1.276148,8.036383,1.146857
0.127495,8.545166,0.588991
0.710501,9.765049,1.299492
1.445543,9.214965,1.701730
0.750006,9.510059,1.963903
3.063474,9.205986,0.467482
0.340585,9.013247,0.043096
-0.516564,8.396123,1.174990
-1.282732,9.024021,1.845387
-0.135276,8.566116,2.090800
1.089395,10.241510,1.528145
1.787924,10.728146,2.610358
1.492231,9.741106,2.773767
0.785322,8.887547,2.564866
0.965491,9.038985,2.322446
-0.251997,12.095876,1.086402
-1.530540,11.601458,1.711906
-0.539310,9.446611,2.992843
-1.423994,7.753858,-0.237631
-0.503396,8.664880,-0.966089
2.040520,10.494704,-0.370514
1.884294,11.135771,-0.101158
0.663812,10.183449,0.360338
-0.708705,10.289994,0.164007
-0.213090,9.899727,0.417800
-0.405231,9.735121,0.512973
0.946337,9.793780,0.158620
1.073233,10.420482,-0.532127
-0.516564,10.461783,-0.833806
-1.726272,9.865609,-0.679375
-1.658035,9.856032,-0.868523
-0.297488,10.307951,-1.021756
0.958308,10.277424,-2.212908
-1.464099,9.516045,-1.723279
-1.291112,9.686038,-0.951724
-0.920598,9.809942,-0.571034
-1.543110,9.794379,-0.593181
-0.525543,9.871594,-0.245413
0.578815,10.650931,-1.030136
-0.226258,11.407522,1.000208
-1.173194,9.388549,1.229460
-0.831411,9.018035,1.298295
0.001197,9.023423,1.856760
-0.185556,9.227534,2.459518
-1.853767,10.856838,2.322446
-0.940351,9.313728,2.476877
0.359739,9.338270,1.116330
-0.300481,8.505661,0.119115
-4.361770,8.020820,0.682966
-0.649447,11.858244,1.549694
-1.237241,11.178270,1.063656
-2.701939,9.549564,1.291112
-1.409629,9.562733,0.818243
-1.946545,9.918881,0.644658
-2.057879,9.084477,0.912218
-2.961717,8.388341,1.014573
-2.052492,8.595446,1.028939
-1.191151,9.282603,1.887287
-1.204918,9.015641,1.922004
-0.863136,9.311933,1.891477
-0.367521,9.305348,2.129108
-0.945738,10.882577,2.037527
-0.606350,10.318725,2.066259
-2.773168,11.445231,-0.475862
-4.669434,10.786207,0.096968
-6.599818,6.616578,1.884892
-5.760026,6.359792,0.345972
-3.426207,6.926038,-1.792114
-4.594014,7.382746,0.261574
-4.965725,4.031360,0.262173
-5.871360,6.007833,2.370930
-5.857593,8.089057,2.190162
-3.148471,10.023032,-0.661418
-2.299700,10.091868,0.483044
-2.161431,10.355836,0.562056
-4.352791,8.600833,0.952921
-5.624151,7.478517,1.557475
-4.325855,8.973143,1.549095
-3.914639,8.788784,1.246818
0.919401,10.788602,-0.096369
-2.801301,9.228732,1.589199
-3.676408,9.504073,0.293897
-4.992661,9.203592,1.541314
-7.497072,9.923071,2.710319
-7.047547,6.850618,4.374938
-8.618790,1.780143,2.964112
-9.468159,1.160026,4.431204
-9.495095,3.240052,4.262407
-6.467534,-0.943344,3.764398
-8.698998,2.626519,3.486064
-9.729734,3.796122,2.466103
-6.541158,2.590605,3.084424
-8.218946,-1.227065,4.353988
-6.536370,-0.838594,4.939987
-8.743292,2.839609,4.301913
-12.110241,0.531528,4.503630
-5.186597,6.575875,2.472088
-8.645127,4.630527,3.331034
-6.665660,2.348184,3.632713
-8.491295,4.276174,3.223292
-8.333871,6.080859,2.168614
-8.661288,4.504229,3.410644
-8.211165,4.708939,3.681197
-6.797346,3.882915,3.647079
-9.793780,-0.273545,6.046740
-9.391542,3.514196,3.230475
-9.167678,3.867352,1.978269
-8.455381,3.709928,2.992244
-10.728146,3.358568,1.176786
-7.877163,3.710527,1.552687
-7.987899,2.504411,2.273962
-12.836904,13.562369,0.203513
-17.069981,-0.392661,5.963539
-15.371244,7.476721,8.906103
0.723669,1.051685,7.614990
9.870397,4.271386,0.314248
-7.121171,4.769993,3.167026
-6.992479,4.055302,2.874326
-7.682030,4.986077,2.621730
-8.144724,4.154066,2.400859
-8.758257,4.370150,2.631906
-8.770827,4.100195,2.349980
-9.070111,4.056500,2.371529
-9.035394,3.952947,2.196148
-8.792974,4.119948,2.106363
-8.403305,4.614366,2.354769
-8.357216,4.599401,2.725881
-8.534392,4.129525,2.942563
-8.442212,3.808692,2.696551
-8.415875,4.145686,1.607156
-9.308940,4.859779,1.708315
-8.722342,5.216526,1.950735
-8.611607,3.609369,3.934990
-8.124971,2.577436,4.503032
-6.831464,3.963123,4.708341
-7.018217,6.074275,3.997840
-8.235108,5.758230,5.144697
-7.928042,4.399479,4.798725
-7.484502,3.768588,4.872349
-8.060326,3.763799,4.818477
-7.145114,3.754821,3.474092
-6.936214,3.488458,4.060091
-7.303136,2.946155,5.049525
-7.384541,2.734860,4.379128
-7.628757,2.966506,5.070475
-7.722733,2.882108,5.179414
-7.189408,3.845803,5.385322
-7.416266,3.146675,5.358386
-7.121770,2.879115,5.259623
-7.054730,3.464515,5.937801
-6.879349,3.281952,6.122759
-7.085257,3.112557,7.072089
-8.006454,3.270579,6.171243
-9.171269,4.923826,3.787144
-9.858426,2.503214,3.429200
-9.662095,1.124112,5.701366
-7.816708,2.949746,2.979076
-9.723149,4.735276,0.968484
-8.132154,5.950969,2.240442
-7.670059,5.527183,1.765179
-9.343657,3.951750,2.115940
-9.213169,4.007417,2.227274
-8.676851,4.298321,1.935771
-8.449994,3.922420,1.679583
-8.429044,4.288146,1.732257
-8.474535,3.786545,1.686168
-9.503475,5.401483,2.928198
-8.936031,4.657462,2.443955
-8.998881,6.300534,2.889889
-7.819102,4.444372,1.787924
-8.466155,4.853194,2.191958
-8.351230,5.070475,2.035732
-8.083670,6.188003,1.556877
-7.543761,4.619753,1.807078
-9.316123,4.851997,2.737853
-9.261054,5.260221,-0.076616
-10.518049,4.973507,1.867534
-9.658504,3.228080,2.559479
-8.948601,2.696551,1.580819
-8.830085,1.732856,2.742043
-8.627170,2.480468,2.339805
-10.047574,4.678412,2.354769
-9.077892,3.101782,3.167625
-8.810931,4.104984,2.998230
-7.981314,3.990657,3.298712
-7.858009,3.788939,3.411242
-7.381549,2.713311,3.413637
-7.755654,3.371737,3.866155
-7.824489,4.692778,4.062485
-7.659284,4.734678,3.617150
-7.691009,3.926012,3.611763
-7.603618,3.943370,4.511412
-8.069903,4.650878,3.437579
-8.060924,4.066675,3.656057
-8.305739,3.823058,3.817671
-8.063917,3.738061,3.504021
-8.527209,3.444164,3.635107
-8.590657,3.112557,3.790735
-8.496682,3.064671,3.126922
-8.860013,3.048510,3.323253
-8.766637,3.149668,3.201145
-8.923462,3.464515,3.388497
-8.873780,3.202941,3.580039
-8.613403,3.032348,2.908445
-8.734314,3.776968,3.108367
-8.468549,4.048718,2.588211
-8.304542,3.608172,2.416421
-10.690436,3.448952,3.300507
-8.632557,3.323253,2.367339
-8.570306,2.993442,2.570253
-8.525413,3.840416,2.162628
-9.733325,5.061496,3.210722
-9.492102,4.319870,2.820455
-9.389148,4.089421,2.612752
-8.381158,4.237866,2.027950
-8.183631,4.394092,2.075237
-8.385947,4.197163,1.737644
-8.759454,3.985270,2.380507
-8.741497,4.370748,1.722082
-8.916877,4.153468,1.831620
-7.447990,4.394691,1.143864
-8.083071,4.243852,1.583214
-9.307144,4.798126,1.501210
-8.268627,4.280963,0.784723
-8.804945,4.392297,1.726870
-8.327886,4.319271,1.360546
-8.446402,5.026181,1.372518
-,-,-

-8.652909,3.093402,2.254808
-8.820508,4.034352,1.949538
-8.996487,4.400078,1.800494
-8.934834,3.963123,1.819648
-9.093455,4.063682,1.762186
-8.620586,4.398282,1.879505
-8.203982,5.254834,2.043513
-8.062720,5.441587,2.482264
-8.144724,4.920234,2.748028
-8.278205,4.953155,2.559479
-8.129759,4.672427,2.522368
-8.041770,5.334444,2.185374
-8.195602,4.988471,2.352973
-7.955576,4.680807,2.933585
-8.060326,4.798725,3.347196
-8.041770,4.644893,3.793129
-8.515238,5.311100,2.982069
-9.314925,5.463136,2.800104
-9.656110,5.001639,3.240052
-8.871985,2.036330,2.462511
-8.488302,3.417228,3.217905
-8.961171,5.752843,3.427404
-8.205179,4.902277,2.761795
-8.879167,3.763799,4.019388
-8.321301,3.802108,3.686584
-7.410878,3.925413,3.387300
-7.582668,4.728094,3.564476
-7.288172,5.311698,3.111360
-7.835264,4.531164,3.484866
-7.784984,3.322654,5.145895
-6.913468,4.090019,3.963721
-6.549538,5.384125,3.401665
-5.521796,3.945764,3.475289
-5.871958,3.091008,3.759011
-7.705973,4.081041,3.691373
-8.252466,4.757423,4.097202
-7.300742,4.959141,4.777775
-7.737697,5.262017,4.538347
-6.534574,3.788939,4.617957
-5.646298,3.430995,3.651269
-14.642785,6.523201,6.847625
-10.995108,4.027768,4.216317
-5.751646,2.799505,1.494626
-8.260846,2.073441,2.621730
-11.744516,2.252413,2.540924
-8.855823,2.700741,2.316460
-7.741288,4.526975,2.140481
-7.882551,4.609577,0.491424
-9.220950,3.854183,1.343786
-8.612206,4.353988,1.535328
-8.260247,4.689187,0.791906
-8.393130,5.655276,1.634691
-8.090853,5.721718,1.350969
-7.855016,5.399089,1.428184
-8.115992,4.645491,2.036330
-8.496682,4.216916,2.254209
-8.324893,4.015797,2.275159
-8.727730,4.243852,2.102771
-8.008849,4.522186,2.455328
-7.291165,5.292544,2.628913
-8.602629,6.399896,1.874717
-11.113026,5.796539,1.171997
-11.412909,5.129135,2.466103
-12.056370,0.705712,2.749824
-11.723566,3.447157,3.551906
-7.310918,6.021002,2.667222
-8.594249,4.704749,2.297905
-10.662902,4.385114,4.571867
-6.908081,3.899675,3.982876
-5.971919,5.648094,4.577254
-6.215537,5.800130,4.332440
-6.190397,4.407261,4.121744
-5.353598,3.368744,3.796122
-5.033364,2.703734,3.468107
-4.890306,2.711516,3.569265
-5.084242,3.319661,3.534548
-5.889317,5.484684,4.570071
-7.471932,7.088849,5.335641
-12.196435,4.981887,4.077449
-9.333481,1.629303,-0.305868
-9.932648,-2.043513,3.823058
-12.042004,7.198985,1.280338
-9.521432,5.329057,1.179778
-5.776187,5.367365,1.082212
-10.049968,4.005621,1.315055
-9.249681,3.017384,2.408041
-9.304151,3.510006,2.278152
-8.744490,3.890696,2.995836
-9.135953,3.505218,2.148861
-7.886142,3.939180,1.628705
-8.445804,4.475498,1.962108
-9.256266,4.259414,1.578425
-9.613013,4.008614,1.374313
-8.755264,3.677606,1.770566
-8.803149,4.821470,2.238048
-9.401718,4.354587,1.320442
-8.698998,3.635107,1.933376
-8.820508,3.784749,2.090800
-8.904906,3.017983,1.729264
-8.611607,2.713311,2.628913
-8.878569,3.317866,3.259805
-8.871985,3.938581,2.212908
-10.029018,4.854392,2.144073
-10.871204,5.815693,3.799714
-9.703397,3.822459,2.154248
-9.104229,1.324033,3.642290
-7.574886,2.260793,3.575849
-9.252076,4.386311,3.756018
-8.457775,3.474092,3.147872
-8.184828,2.937176,2.831828
-7.882551,1.830423,2.526558
-7.914873,4.365960,4.151672
-8.366793,5.385921,4.404867
-8.284190,4.200156,3.235862
-8.132752,3.863162,3.694964
-7.313910,2.484658,4.039740
-6.162863,2.479870,4.166636
-5.071672,3.705140,4.641900
-5.719922,5.002837,5.383526
-7.584463,5.567885,5.358386
-8.121380,4.460533,5.974912
-7.272011,2.505009,5.842030
-7.824489,2.695953,5.310501
-17.254938,4.506025,4.467716
-7.576083,2.856369,2.227274
-5.466727,5.528380,-0.387273
-8.190813,5.496057,0.104749
-12.085700,2.606168,2.928198
-8.754665,2.393676,3.229278
-8.118985,4.003227,2.680390
-8.363800,5.462537,2.271568
-8.186025,5.950969,2.578035
-7.798751,3.286740,2.331425
-8.963566,2.792322,1.972882
-9.172466,2.733663,2.035732
-9.210775,3.067065,2.182381
-9.005465,3.960130,2.437970
-8.028003,5.562498,2.867144
-7.969942,3.173611,2.018373
-9.241302,2.257801,3.156252
-8.654704,2.192557,0.630891
-10.385765,4.181002,0.728458
-11.502694,4.320468,0.852361
-11.454210,0.441145,2.144073
-12.944646,0.847573,3.301704
-10.260664,3.112557,2.336812
-7.984906,4.516799,1.727469
-7.385739,2.819258,2.724684
-8.194405,2.228471,2.532544
-8.797164,3.372934,3.863162
-8.026207,3.551906,3.889499
-7.698790,2.665426,3.527963
-7.969343,2.291320,3.467508
-8.364398,1.919609,3.782954
-8.694210,1.811268,4.106181
-8.854626,1.394066,4.075654
-9.141939,1.418009,3.914040
-9.062928,1.034925,3.709928
-8.961770,1.055276,3.456734
-8.927053,0.972674,3.328041
-8.866598,1.283929,3.480676
-8.688224,1.438360,3.518386
-8.630163,0.681769,3.863760
-8.821106,0.646454,4.383917
-8.690020,0.709303,3.324450
-8.407495,0.774547,3.001223
-8.501471,0.320832,3.609967
-9.051555,0.083799,3.934990
-8.870788,0.523149,3.922420
-7.842446,0.542303,3.271177
-10.883175,0.484840,2.030345
-13.574340,1.160026,4.074457
-11.405726,4.233676,2.841405
-7.683826,4.784359,-0.826024
-8.508055,6.461549,1.509590
-8.823501,5.211737,2.125517
-8.561926,4.655667,2.437371
-8.242889,2.547508,2.868939
-8.604424,2.312869,4.297723
-8.086663,3.282550,3.822459
-6.836253,3.781756,2.042316
-7.973533,3.954144,2.802498
-8.759454,2.300299,1.391672
-8.835472,2.574443,4.671828
-7.297150,6.770410,2.749226
-6.304125,5.150683,3.891295
-6.835055,1.564658,5.815094
-3.777567,1.176187,6.363383
-3.595003,2.833025,5.804919
-4.125933,3.662641,4.283357
-4.753832,1.546102,7.832869
-3.085621,2.946155,6.589642
-2.481665,4.863969,5.266805
-2.360754,5.933611,8.374574
12.014470,9.954197,18.828575
-0.509381,4.990865,14.184880
3.952947,6.610592,15.025869
1.582615,5.857593,11.220768
0.670396,3.602186,8.098035
0.846974,2.470292,7.252856
0.660221,1.347976,5.205751
0.208900,2.869538,6.944593
1.495823,3.915237,7.943006
0.675784,4.682004,8.339259
2.475680,4.030163,8.486506
2.980872,5.907274,9.621393
3.410644,5.505036,8.757658
2.815667,4.574261,7.518621
1.752010,4.336031,8.438022
1.312661,3.325647,8.733117
2.683383,3.593207,8.595446
2.424203,4.533559,8.337463
1.990839,4.391099,8.297957
2.032140,4.735276,8.432635
1.668210,5.351204,8.437424
1.735849,5.200364,8.221939
1.853168,5.002837,8.386545
1.885491,4.687989,8.068705
1.994430,4.446766,8.195602
1.866337,4.149278,8.250072
1.447339,4.536552,8.677450
1.159427,4.347404,8.846845
1.202524,4.182798,8.652310
1.382693,4.303708,8.789382
1.441951,4.339024,8.967756
1.603565,4.679610,8.453585
1.647859,4.651477,8.278205
1.572439,4.243852,8.618192
1.841795,4.523383,8.895329
2.140481,4.814287,8.590059
1.870527,4.604190,8.569109
2.176994,4.393494,8.524815
1.656838,3.730878,8.332076
0.562654,3.425608,8.728328
0.166402,2.799505,9.167079
0.370514,2.921613,8.281197
0.846376,4.440182,7.723930
0.690748,4.503032,8.596643
0.853558,3.844606,9.113806
1.205517,3.422017,9.405309
1.154639,3.756018,9.442421
0.505191,2.918620,9.363410
0.696733,2.734261,9.125778
0.841587,3.490254,9.227534
0.409420,3.529161,8.889343
0.387872,3.190371,8.719948
0.806272,4.245049,9.355628
0.608744,4.112765,9.056344
0.385478,3.660247,8.851035
0.090982,3.756617,9.176058
0.210696,3.632114,8.680443
0.785920,3.717710,8.641536
0.767963,4.159453,8.976136
1.309069,4.632323,8.915082
2.206922,4.561692,8.563722
2.024957,4.582641,8.276409
1.939961,4.326454,8.327287
1.675992,3.833832,8.611607
1.904645,4.122941,8.767235
1.554482,4.305504,8.708575
1.857358,4.532362,8.455381
1.986050,4.552114,8.615797
1.806480,4.297723,8.353624
1.699935,4.423422,8.445205
1.625113,4.349200,8.662486
1.963903,3.917033,8.368588
1.790917,4.240260,8.464958
1.616734,4.037944,8.679246
1.862745,4.072062,8.632557
1.832817,4.185192,8.467352
1.632895,4.171425,8.512245
1.407234,4.149876,8.619987
1.297098,4.028965,9.013247
1.536525,4.006220,8.911490
1.510188,4.289343,8.458374
1.800494,4.191177,8.472141
1.953728,4.033754,8.490098
1.651451,3.912244,8.790579
1.406037,3.835628,8.826493
1.290514,4.064281,8.735511
1.140273,4.091815,8.786988
1.220481,3.830839,8.836669
1.300689,3.911047,9.001275
1.585608,3.787144,8.990501
1.572439,3.575250,8.691217
1.568249,3.506415,8.611009
1.653845,3.648276,8.724737
1.425192,3.848796,8.809734
1.390475,4.012205,8.674457
1.277345,4.194769,8.866598
1.316252,4.154066,8.761848
1.331815,4.040937,8.685830
1.403045,3.922420,8.716955
1.481457,3.779362,8.788185
1.337202,3.715914,8.819311
1.285725,3.723097,8.888146
1.309069,3.833233,8.846845
1.382693,3.886506,8.830085
1.446141,3.930202,8.789382
1.444944,3.876929,8.697203
1.427586,3.855380,8.783396
1.365335,3.894886,8.806741
1.291112,3.914639,8.824698
1.283331,3.886506,8.843253
1.269564,3.940976,8.839063
1.334209,3.943969,8.985114
1.404840,3.859570,8.893533
1.421600,3.836226,8.814522
1.364736,3.783552,8.818712
1.378503,3.767989,8.814522
1.376109,3.833233,8.852232
1.346779,3.854183,8.764242
1.376109,3.890097,8.843253
1.374912,3.875732,8.769031
1.337801,3.817671,8.785192
1.332413,3.869148,8.835472
1.322238,3.849993,8.797762
1.325231,3.855380,8.823501
1.334209,3.860169,8.829486
1.334209,3.820663,8.810931
1.367729,3.842212,8.783995
1.377306,3.847000,8.776812
1.373116,3.830241,8.803748
1.375510,3.872140,8.825296
1.350969,3.855380,8.800156
1.335406,3.875133,8.781002
1.322238,3.881119,8.794769
1.344983,3.894287,8.773819
1.334808,3.921223,8.701991
1.441951,3.913442,8.776214
1.396460,3.952349,8.797164
1.415016,3.890696,8.748081
1.340195,3.920624,8.751074
1.486844,3.873338,8.710970
1.570644,3.835029,8.795368
1.596382,3.825452,8.735511
1.692752,3.799115,8.602030
1.710709,3.866155,8.827092
1.795706,3.730878,8.953390
1.845387,3.705140,8.658894
1.817853,3.892492,8.529603
1.661028,3.995446,8.790579
1.698737,3.996643,8.805544
1.690357,4.103786,8.610410
1.623318,4.085829,8.809734
1.347976,3.985868,8.755862
1.335406,3.828445,8.977333
1.684970,3.703344,8.718751
1.808874,4.203747,8.639740
1.593988,4.049915,8.838465
1.526350,3.809889,8.791776
1.295901,3.629720,8.710970
1.674196,3.948757,8.687625
1.744827,4.010410,8.854626
1.787326,3.902667,8.696604
1.552687,3.752427,8.490696
1.823240,3.953546,8.904906
1.896265,4.224099,8.994093
1.390475,4.644893,6.769213
2.646272,4.557502,7.911282
1.683175,4.521587,8.405101
1.646662,3.355576,8.445804
1.544307,4.063682,9.656110
1.590995,3.737462,8.140534
1.349173,3.518985,8.963566
0.857150,3.415432,8.903709
1.268965,3.226285,8.900117
2.371529,3.703344,9.516643
2.523565,4.101392,8.637346
0.260975,4.788549,12.370020
0.463292,4.563487,8.293767
-1.023552,5.886923,10.766455
-3.057488,5.647495,10.398933
-3.210123,4.291737,9.935043
-2.980872,4.697567,8.882160
-3.022173,5.931815,8.576890
-3.699753,5.609187,8.153702
-3.581236,4.696369,7.658087
-3.671620,4.869954,7.292960
-4.055302,4.933403,6.470527
-4.327651,5.378139,6.071880
-5.459545,3.764398,5.727703
-7.037372,2.601978,5.953962
-6.857801,2.817462,5.460742
-6.822485,3.712921,5.299727
-6.052128,3.286142,5.474509
-7.155290,3.094600,3.453741
-7.444398,3.754821,4.145088
-7.037970,2.903656,3.733871
-7.025999,3.331633,2.511594
-7.814314,4.116955,3.217306
-8.882160,4.620950,5.053116
-8.195602,3.545322,4.667638
-7.625765,5.347014,4.155263
-6.714145,6.942798,4.492258
-6.681223,5.246454,4.884919
-7.330670,3.984671,4.787950
-6.655485,3.955940,3.753624
-5.784567,5.695381,4.576057
-5.572674,4.648484,4.431204
-5.010019,4.561692,3.818868
-4.157658,4.532960,3.651867
-5.041145,5.153077,4.492258
-4.837632,5.735485,5.157866
-6.228107,7.155290,5.527781
-10.180456,7.951386,7.271412
-5.854001,4.902876,6.379545
-6.691399,4.511412,4.897489
-13.430684,4.935797,3.835029
-7.989096,5.694183,4.643695
-5.628939,6.004841,1.783136
-7.886142,4.509616,0.261574
-10.019441,0.152036,2.804892
-10.274431,5.331451,2.542121
-8.373975,3.677606,2.374522
-7.756851,6.246662,1.716096
-7.830475,5.951568,1.902849
-8.022017,4.859779,2.083617
-8.675654,3.515393,1.857358
-9.071907,2.722290,1.778946
-9.214366,3.016187,1.608952
-8.654106,3.794326,2.169811
-8.232713,4.517397,2.068653
-8.315914,4.643695,2.034534
-8.166871,5.220716,1.533532
-8.038178,5.172232,1.705322
-8.146519,4.990267,1.579622
-8.650514,4.515602,1.775354
-11.473364,4.155263,2.467898
-12.077919,5.516409,2.870735
-10.942434,3.118542,3.589017
-10.838881,1.037319,3.054496
-8.219545,3.334626,3.521379
-9.157502,4.458738,3.809291
-8.404503,4.491659,3.080234
-7.855615,3.787742,3.331633
-7.082264,2.682784,3.781756
-6.853611,2.921613,4.667638
-6.405283,2.997033,4.233676
-6.218530,2.437371,4.059492
-5.689993,2.587013,3.726688
-5.177619,3.126324,4.160052
-5.941392,4.614964,5.897098
-6.745869,7.126558,6.487886
-6.611191,9.125778,5.792349
-5.406272,5.819284,5.927027
-13.395967,5.439193,3.989460
-13.564165,0.748210,5.234483
-7.243878,1.655042,1.736447
-6.020403,2.684580,0.228054
-10.583293,4.534157,0.674586
-9.678855,5.225504,3.205933
-7.188211,4.130123,1.981860
-9.255667,2.787534,1.371320
-9.340664,4.664645,0.639271
-8.609213,4.970514,0.653038
-8.359610,5.105790,1.365933
-8.342251,5.214730,1.755003
-8.001666,5.340429,1.818451
-8.002863,4.758621,2.122524
-7.840052,4.760416,1.720884
-7.928640,5.482290,1.969889
-7.764034,5.393702,1.617931
-7.926845,5.108783,1.476070
-8.344047,4.531763,2.265582
-10.414496,4.764606,1.320442
-11.989330,5.060898,2.117736
-11.402733,3.727287,2.377514
-11.455407,0.988236,2.279349
-9.896734,1.651451,2.314665
-10.061939,2.578035,2.692960
-10.069122,3.586623,2.901861
-8.828888,2.737853,2.921613
-7.701184,2.792322,3.005413
-6.700377,3.832036,3.633311
-5.709148,3.993650,3.763201
-5.994665,2.676799,4.608978
-6.312505,2.043513,4.345010
-6.200573,1.857957,4.737072
-7.264828,5.226701,6.043748
-6.044945,7.005049,4.266597
-7.267821,4.150475,4.210930
-17.790659,6.137723,0.614730
-9.362811,-2.152453,3.631516
-7.992089,2.551698,2.432583
-9.296968,4.493455,0.324424
-9.437632,3.807495,1.625113
-9.263449,4.128926,2.310475
-9.176656,4.710735,2.980273
-8.851633,2.781548,2.329629
-10.305557,3.106571,1.360546
-10.890358,3.091008,2.169212
-8.777411,3.854183,1.439557
-6.904489,7.424047,2.519375
-7.664672,6.623761,4.720312
-7.690410,7.315107,4.562290
-6.939805,5.843227,4.420429
-6.601015,4.010410,3.913442
-6.691399,3.964320,3.732075
-7.133143,4.263006,4.379727
-7.419857,4.277371,5.548731
-7.231906,4.146285,3.715914
-7.132544,2.865946,4.887911
-7.942407,1.152843,4.381522
-7.119974,2.578633,4.637111
-7.477320,1.263578,5.320677
-6.997268,1.886688,5.762420
-7.094834,1.739440,6.261028
-7.022407,2.429590,7.246871
-8.028601,1.652648,6.844632
-11.645752,4.189382,6.451373
-12.890176,3.156252,3.421418
-6.898504,1.325829,3.618347
-6.511230,3.094001,1.395862
-9.152115,4.714925,-1.006193
-11.125596,4.768198,3.168224
-7.924450,3.834431,2.657046
-8.047157,3.477684,2.552895
-8.365596,4.806506,1.756799
-8.420065,3.907456,2.395471
-8.156096,4.757423,2.473285
-8.350631,4.320468,2.335615
-8.410488,4.398881,2.658842
-7.899311,4.506623,2.506805
-7.857411,3.534548,3.018581
-8.253065,4.246246,3.045517
-8.123175,4.883123,2.219492
-8.200989,4.157658,1.787326
-8.910293,4.351594,2.333819
-8.970150,5.656474,2.544515
-10.014652,6.644711,1.421002
-12.115030,6.860794,3.106571
-11.436253,2.889889,2.379310
-9.327495,0.949928,1.283331
-8.986910,3.947560,1.964502
-8.358413,5.594222,2.087807
-9.711777,4.107378,2.887495
-8.147118,4.728094,2.758204
-7.385140,3.783552,2.897671
-7.838855,4.525777,3.324450
-6.797346,4.070865,2.819258
-6.633338,3.306493,3.380715
-6.713546,2.619935,4.149876
-5.400286,3.089811,4.130722
-5.059701,4.969317,4.554509
-6.781783,8.154899,5.039349
-6.952973,5.943787,5.866571
-5.582850,3.391490,5.422433
-7.971139,3.031750,3.408250
-18.137829,6.535771,4.490462
-7.081067,4.142095,1.787924
-4.950163,3.315471,0.942745
-6.994275,4.069069,-0.621912
-11.915108,2.836018,4.285751
-8.941419,4.868757,2.793520
-7.403097,4.222303,2.312869
-8.520625,4.514405,1.801691
-8.323696,4.385114,1.662823
-8.443409,3.906857,2.250019
-8.824099,4.032557,2.590006
-8.624177,3.914040,2.862954
-8.335667,3.999037,2.795315
-8.160286,4.389902,3.161639
-7.917268,5.035758,2.612752
-8.157892,4.555107,2.093194
-8.277007,4.439583,2.241639
-8.572102,4.082238,2.338009
-9.270631,4.263604,1.456916
-9.972154,4.957345,1.589798
-11.585895,2.829434,3.362160
-11.623605,1.983058,2.411633
-9.876383,2.684580,2.703136
-8.614002,4.052908,2.810280
-9.817723,4.085231,3.608172
-8.869590,3.772778,3.284346
-7.045752,3.424411,2.683383
-7.048146,3.718308,3.662641
-6.195784,5.035159,3.915836
-5.479297,5.064489,4.241457
-6.791360,5.071073,3.730280
-8.140534,4.667638,3.584229
-8.600234,3.567469,3.363956
-8.651711,2.397267,2.570852
-8.600234,1.986649,3.018581
-7.201379,2.718698,3.050306
-7.710761,2.291320,2.325439
-11.733143,2.449941,2.892882
-11.273442,2.847391,2.707924
-8.870788,3.670423,1.631698
-8.199193,3.091008,2.622928
-9.172466,2.993442,2.786935
-9.176058,4.168432,1.155237
-9.703995,4.040338,1.881301
-8.941419,3.098790,2.341002
-9.033000,3.565075,1.962108
-8.588862,3.505218,1.582017
-8.955784,3.653064,2.032739
-8.964763,3.725491,1.802888
-9.297567,3.694964,1.428783
-9.382564,3.341210,1.766376
-9.299363,3.474092,1.623916
-8.997086,3.724294,1.173793
-9.173663,3.467508,1.632895
-9.213767,3.245439,1.599375
-9.059935,3.455537,1.435367
-9.194015,3.787742,1.383292
-8.958179,3.496838,1.163617
-9.025218,3.428601,1.415016
-9.056344,3.680598,1.451529
-9.094652,3.640494,1.386285
-9.086871,3.604580,1.294704
-9.191620,3.393884,1.294704
-9.125778,3.644684,1.328822
-9.085075,3.420221,1.403045
-9.196409,3.347196,1.499414
-9.246689,3.398673,1.444944
-9.170072,3.425608,1.433572
-9.133559,3.545322,1.333012
-9.140143,3.434587,1.416812
-9.058738,3.468705,1.311464
-9.179649,3.376525,1.422797
-9.191022,3.380117,1.392270
-9.190423,3.538139,1.343786
-9.170072,3.459727,1.371919
-9.076097,3.430397,1.379700
-9.157502,3.498634,1.353363
-9.104828,3.520182,1.399453
-9.062928,3.542329,1.406037
-9.186233,3.596200,1.449733
-9.167079,3.407651,1.400650
-9.135355,3.451945,1.436564
-9.057541,3.574053,1.373116
-9.042577,3.503422,1.482056
-9.040182,3.663838,1.422199
-9.123982,3.678803,1.478464
-9.018035,3.571659,1.444944
-9.183839,3.369941,1.386285
-9.196409,3.243045,1.455719
-9.176058,3.376525,1.438959
-9.141341,3.443565,1.341392
-9.097046,3.836226,1.229460
-9.116201,3.735068,1.042706
-8.906702,3.747638,0.988236
-8.965361,3.838621,0.581210
-8.735511,4.090019,0.879895
-8.974938,4.350995,1.315055
-8.804945,3.678204,1.526350
-9.374782,3.639297,1.930982
-8.867196,3.849993,1.601171
-8.946806,3.583032,2.047104
-9.026415,3.361561,2.091997
-8.983917,3.551906,2.001613
-9.049760,3.621340,1.842993
-9.028211,3.837423,1.519765
-9.284398,3.851789,1.336603
-9.300560,4.084632,1.184567
-9.187430,3.996643,1.248614
-8.953989,4.117554,1.081613
-9.417281,3.600989,1.462901
-9.274223,3.027560,2.128510
-9.390345,3.131711,2.423604
-9.688432,3.085621,2.208718
-8.869590,3.413637,2.425998
-9.013845,2.782745,2.029147
-8.863006,3.698555,2.635497
-8.674457,4.143292,3.657254
-8.244685,3.276565,3.640494
-8.104620,3.611164,3.187976
-8.339857,3.734470,3.299909
-9.796773,3.649473,4.203747
-8.911490,4.252231,4.319271
-8.142928,4.156460,3.110162
-7.451581,4.098399,2.296109
-7.694001,4.498842,3.242446
-8.716955,5.124945,3.703344
-8.321900,4.492856,3.385504
-8.383553,4.781366,3.107768
-8.035186,5.346415,2.818659
-8.618192,4.760416,3.211919
-8.129759,3.958334,3.802706
-8.019623,3.147872,3.889499
-7.428836,3.110162,4.122342
-7.332466,3.008406,4.186987
-6.863787,3.146675,4.200755
-6.700976,4.359974,4.286350
-6.531581,5.302121,4.772388
-6.574678,5.543943,4.922030
-6.255641,5.312297,4.648484
-7.579076,5.246454,4.513207
-13.974783,5.357788,3.311880
-9.787795,2.683982,5.809707
-6.220325,2.916825,2.752817
-6.463943,4.743058,-0.037111
-9.172466,6.153286,0.936161
-9.930254,3.960729,2.865946
-8.833676,2.226675,3.378920
-8.763644,3.253819,2.513389
-8.208172,4.410254,1.819648
-7.891529,5.397892,1.820845
-8.134548,4.799323,2.300299
-8.755862,4.186389,2.289525
-8.840859,3.082030,2.127313
-8.608016,2.362550,2.148861
-8.530202,3.563279,1.805881
-8.565517,3.945166,1.971086
-8.605023,4.732284,2.010592
-8.271022,5.261418,2.077033
-8.685231,3.900273,2.300299
-8.911490,3.948757,2.055484
-9.990710,3.129317,1.710110
-13.255303,4.167235,2.800702
-12.008485,2.072843,3.019180
-10.638361,0.744020,2.993442
-9.206585,1.986649,2.763591
-9.899129,3.961926,3.926610
-8.742095,2.685179,2.566063
-8.136942,2.567261,2.735458
-7.292362,2.509199,3.427404
-7.025999,3.253819,3.815875
-6.943396,2.403851,3.571060
-6.505843,1.809473,3.184984
-6.563305,2.203331,3.578842
-6.523800,4.553910,5.028575
-6.089837,6.760833,5.181809
-5.725309,6.596226,5.197970
-5.792349,6.686610,5.558907
-7.410280,5.445179,4.340820
-18.562813,6.374756,4.185790
-10.028419,-1.388679,4.386909
-6.057515,-0.236434,1.652049
-7.951985,4.570071,-0.108939
-11.630788,5.021991,3.301106
-8.014236,4.075055,2.206922
-8.128562,3.702745,1.868132
-9.434639,1.882498,1.707117
-9.718361,3.893090,1.001405
-8.718152,4.877736,0.467482
-8.803149,5.005829,1.310865
-8.587066,5.213533,1.605959
-8.294964,4.841822,1.874118
-8.593650,4.360572,2.195549
-8.573897,4.512010,2.190162
-8.772024,4.372544,2.174600
-9.578296,3.879922,2.214105
-8.470944,3.195159,1.449733
-9.721952,3.809889,0.150839
-11.342278,4.537749,1.422199
-10.762265,3.080833,0.800884
-9.914691,1.392270,0.711099
-9.621393,2.099778,1.222875
-9.375381,2.317059,1.838803
-8.654704,3.670423,1.947742
-8.385947,4.090618,2.709720
-8.130957,3.202941,3.136499
-7.860404,3.102980,3.024567
-8.093845,3.009004,3.177801
-8.096838,2.576239,3.318464
-8.129759,1.913025,4.096604
-8.069304,1.956122,4.119349
-7.933429,1.596382,3.989460
-8.555940,1.663422,4.549122
-7.691009,2.414626,4.365361
-7.869382,1.700533,4.987274
-7.928640,3.017384,5.636122
-8.103422,2.659440,5.350605
-10.394743,3.294522,5.709746
-10.269643,2.017775,4.914847
-8.814522,1.802290,4.135511
-8.298556,0.705113,2.310475
-8.953390,1.503005,2.913233
-9.147925,3.132309,2.322446
-8.837866,4.327651,1.681978
-8.773819,4.759219,1.658633
-8.838465,4.817280,1.902251
-8.692414,4.198959,1.970488
-8.761848,3.844606,2.072843
-8.499076,3.850592,2.333220
-8.554145,4.492258,1.974079
-8.511048,4.667638,2.140481
-8.418868,4.118152,2.515784
-8.117788,4.507222,2.396669
-8.101028,4.799922,2.353572
-8.655303,4.301913,2.965907
-8.338660,4.558699,2.641483
-8.009447,4.945973,1.708315
-8.159089,5.196773,1.890279
-8.350631,4.368952,2.680390
-8.782199,4.532362,2.648067
-9.762655,5.064489,0.869720
-11.384776,5.806116,2.523565
-11.790007,2.821652,3.648276
-10.260664,1.313858,2.035133
-8.363800,3.730280,2.421210
-7.574886,6.043149,2.803695
-9.299363,5.101600,3.226285
-8.858816,4.144489,2.603175
-6.595628,3.865556,3.457332
-6.886532,4.352192,3.559688
-6.605804,4.802316,3.897879
-6.556721,3.815276,3.636903
-6.322082,2.956929,3.846402
-5.757632,3.343604,3.739258
-5.242863,4.828055,4.295328
-5.613377,5.757632,4.854392
-7.219935,6.654886,5.481093
-7.724528,6.587248,6.100612
-6.448979,4.945973,4.591021
-8.983318,3.903865,4.547326
-16.167339,3.756617,4.274977
-9.613013,0.412413,5.144099
-6.555524,3.459128,1.546701
-6.070085,2.897072,-0.140065
-10.960989,4.710735,2.257801
-8.725934,3.546519,2.633702
-8.349434,2.194352,2.381704
-9.775823,2.959922,1.807677
-8.915082,3.873338,1.021158
-8.232713,4.585634,1.089993
-8.611009,4.696968,1.969290
-8.734314,5.115368,2.125517
-8.338660,4.868159,1.904645
-8.357216,4.388705,1.930384
-8.360807,4.510215,2.169811
-8.272219,4.421028,2.270371
-8.259649,4.172622,2.463110
-8.284789,4.002628,1.908236
-8.648719,3.674014,2.577436
-8.626571,4.260611,2.488848
-8.135745,4.437189,1.907039
-8.454782,4.830449,2.263786
-10.405518,5.412856,1.122914
-12.149148,5.687599,2.220689
-11.883982,1.661028,3.043721
-9.760261,3.411841,2.649863
-9.845257,5.275185,4.289343
-8.338061,6.771607,2.924008
-9.484919,5.536161,1.811268
-8.795368,3.627924,3.908653
-7.002056,2.080624,5.318282
-6.682420,4.962733,4.248640
-7.072687,5.355394,4.425218
-6.758439,4.939388,4.952557
-5.603800,3.009603,5.770202
-4.540742,2.562472,4.913051
-4.421626,2.870136,4.222303
-3.029954,3.129915,4.663448
-3.592609,2.273962,4.500039
-4.336031,3.902667,4.513207
-6.911074,7.085257,5.727105
-9.912896,5.743865,5.848016
-8.681640,2.491242,3.351386
-10.659909,0.426779,3.218503
-12.762681,0.279531,5.200963
-11.848667,3.502823,3.706337
-9.389148,5.591230,-0.647052
-7.363592,7.277996,2.195549
-8.312323,4.090618,1.252205
-10.482134,2.124320,2.090201
-8.518829,2.893481,2.558282
-8.470944,3.428601,2.720494
-8.928250,3.422017,2.625322
-8.988706,4.675420,1.820247
-8.676253,4.203149,2.638490
-8.628966,3.815875,2.527157
-8.988706,3.544723,2.083019
-8.450592,3.695563,2.093194
-8.853429,3.931399,1.751411
-8.927652,4.288744,1.438959
-8.779207,4.131321,1.142667
-8.840859,4.005023,1.410227
-8.827092,3.568666,1.739440
-8.545765,2.663630,2.036929
-9.441822,2.840807,3.030553
-9.511855,2.688171,3.071854
-9.604633,3.053298,2.499024
-9.535199,3.709330,1.704125
-8.596643,3.774574,1.850774
-8.227326,4.019388,2.950943
-9.143735,4.379727,3.596200
-9.977541,4.371347,3.958334
-8.921666,3.345400,3.779961
-8.743891,3.678803,3.144281
-7.956175,4.319271,3.046714
-7.352219,4.000234,3.007209
-8.363201,3.476486,2.797111
-8.576890,3.976291,3.295719
-8.902512,3.448952,3.585426
-8.042967,4.135511,3.627924
-8.308133,3.048510,3.507013
-7.509642,3.235263,3.597397
-7.078673,3.359766,3.776369
-6.495068,3.633910,4.131321
-6.523800,3.841613,4.769993
-7.065504,3.424411,5.161457
-7.278595,4.000833,7.073286
-6.727313,4.895693,5.635524
-7.407886,4.464125,5.977306
-12.652545,6.495068,3.837423
-9.855433,2.014782,4.659857
-6.104203,3.911646,2.025556
-7.538374,4.230084,-1.637683
-10.462980,4.578451,2.437371
-9.256266,2.849186,2.448744
-9.133559,3.705140,2.490045
-8.724138,3.563877,2.395471
-8.202186,4.949564,2.129707
-7.796955,5.863578,2.337410
-8.584672,4.710137,2.288328
-8.651711,2.002212,2.220091
-9.106624,2.583422,2.712114
-9.028211,3.477684,2.139883
-8.747482,3.664437,1.959115
-8.217151,4.075654,1.749017
-8.376370,3.736864,1.344983
-9.116799,3.642290,1.953728
-8.695407,4.386909,2.032739
-8.631959,4.638907,1.239037
-8.905504,3.858972,0.845777
-9.111412,4.884919,1.067846
-10.268445,5.096812,2.071047
-11.877398,5.163253,2.289525
-10.875394,4.842420,2.067456
-10.442629,1.945348,3.468107
-10.194821,0.958907,2.548705
-9.958387,2.471490,1.756200
-9.077294,3.621340,1.987248
-9.353234,3.425608,2.615146
-8.299753,4.097801,2.722888
-7.907690,3.708731,3.013793
-8.467951,2.126714,3.045517
-7.863995,2.901861,3.222095
-6.849421,3.520781,3.278360
-6.924242,2.241041,3.700351
-6.796747,2.308679,3.403461
-7.303735,3.437579,3.958334
-7.898712,4.479089,4.647885
-7.637137,4.359375,5.303318
-7.400703,4.786155,5.737280
-7.136135,5.558308,4.741861
-6.814105,3.590215,5.395498
-11.089682,5.205153,4.090019
-12.262278,4.659258,3.633311
-9.373585,1.483253,3.927209
-6.621965,0.646454,2.178790
-9.385557,3.204138,-0.143656
-11.444034,4.907066,2.035133
-7.744281,3.335224,2.313467
-8.716955,3.377723,1.362940
-9.422069,4.340820,0.739830
-8.929447,4.355185,1.078022
-8.886350,4.440182,1.223474
-8.726532,4.265400,1.043903
-8.580482,5.343422,1.634092
-8.361406,4.768198,1.557475
-8.566715,4.295328,1.362940
-9.034795,3.785946,1.565257
-9.044372,4.329447,1.418607
-8.685830,4.552713,1.227065
-8.839063,4.119349,1.273754
-8.984516,4.301314,1.082212
-9.061132,4.085231,1.265972
-8.763045,3.935589,1.128900
-9.824906,3.867950,0.511776
-11.317736,2.707924,1.545504
-10.531217,2.342797,2.190761
-10.303761,2.419414,1.662823
-10.669486,1.379102,1.860950
-9.459779,1.708913,2.640885
-8.987508,2.933585,2.788731
-8.168068,3.583630,2.780351
-7.680833,3.167625,2.640885
-7.917268,3.076643,3.068263
-7.758048,2.826441,3.561483
-7.774210,3.094600,4.294730
-7.792765,2.635497,4.774782
-7.632349,2.561874,4.391099
-8.055537,2.491242,4.041535
-7.755654,2.243435,4.264801
-8.130957,2.276955,5.149486
-7.710761,1.925595,3.697957
-8.154301,2.202732,5.393103
-7.541965,2.718698,5.453559
-8.569707,3.015589,5.359584
-10.066728,2.826441,5.136916
-9.504073,1.842394,5.019597
-8.794769,1.920806,5.145895
-8.077684,1.135484,3.471099
-9.353234,1.127104,3.492049
-9.796175,1.306076,3.114951
-9.274223,1.374912,1.975276
-8.953390,2.026753,2.211112
-8.590059,3.357970,1.902251
-8.851633,4.433598,1.948341
-9.365804,4.275576,2.443955
-9.418478,3.896682,2.558881
-8.821106,3.954144,2.203331
-8.693013,3.789538,1.660429
-8.527209,3.912244,1.286922
-8.678048,4.410254,1.737046
-8.648120,4.695172,2.088406
-8.437424,4.782563,2.355966
-8.472141,4.176812,2.348184
-8.144724,4.292934,2.432583
-8.166272,4.355784,2.412830
-8.261445,4.591620,2.530149
-8.103422,4.983084,1.921405
-8.632557,4.290540,2.034534
-8.385348,4.085829,2.150058
-8.679246,4.194170,2.072244
-9.960781,5.458946,1.057670
-11.047183,6.198777,1.646662
-11.712792,3.880520,2.229668
-10.999896,1.349173,2.622329
-8.855225,2.020767,1.933975
-8.578087,4.311490,1.324033
-9.833286,3.884112,2.530149
-9.558543,3.496838,3.192765
-8.742095,3.804502,3.461522
-7.808927,3.645283,3.064671
-7.456968,3.354977,3.423812
-6.873962,3.391490,3.193962
-6.894314,2.799505,3.469304
-6.995472,2.446350,4.271984
-6.974522,2.313467,4.137905
-6.584255,3.131711,4.835237
-6.574678,5.049525,5.230891
-7.052336,5.879141,5.064489
-6.906884,5.430813,5.618165
-5.924632,4.989668,5.481692
-5.847417,4.273780,4.458139
-11.594275,4.509616,3.668627
-15.696865,2.996434,5.391906
-8.039376,2.548705,2.530149
-5.002837,3.671620,1.167807
-7.324086,4.033155,-0.103552
-11.577515,3.849993,3.539935
-8.967756,2.812075,3.379518
-8.340456,3.250227,2.691763
-9.038387,4.297723,1.900455
-8.573897,3.930800,2.055484
-8.681640,3.605777,2.315862
-8.830085,3.813481,2.157241
-8.849239,3.723097,2.070449
-8.987508,3.983474,2.397267
-9.038387,3.435185,2.587013
-8.730722,3.684788,2.645673
-9.217359,3.522576,2.225478
-8.923462,4.261210,2.493038
-8.617593,4.593416,2.241041
-8.499076,3.836825,2.108158
-8.461367,3.620143,2.077033
-8.730722,3.363357,2.071047
-9.769239,4.690384,0.917605
-8.405700,5.649291,0.854157
-10.186441,3.607573,3.447755
-9.722551,2.252413,2.717501
-8.812726,3.802108,2.665426
-8.831282,5.037554,3.497436
-8.997684,4.242654,3.189173
-9.226936,3.706935,3.023370
-7.962160,4.524580,2.974886
-7.366584,4.917241,2.708523
-7.285179,5.151282,2.526558
-7.310918,5.661262,3.069460
-8.096240,5.184203,2.456525
-8.237502,4.583240,1.956721
-8.236305,3.377723,2.535536
-7.447391,3.076044,2.998230
-7.783787,3.915836,2.189564
-8.401510,5.372154,3.274170
-7.236096,4.619154,2.460715
-7.713156,1.599974,1.286922
-11.491920,0.343578,5.658868
-10.885570,5.995264,1.074430
-8.706780,4.446168,0.314248
-7.826285,4.768198,2.470891
-8.832479,3.684788,2.886298
-8.887547,4.440182,2.000416
-8.494288,4.213923,2.737853
-8.705583,3.769785,3.103578
-8.354223,3.426805,3.164034
-9.304151,3.390891,3.219700
-9.135355,3.351386,2.352973
-8.457775,4.091217,2.390084
-8.703188,3.869746,1.707716
-9.046168,3.996643,1.849577
-9.065322,3.702147,1.626311
-9.125179,3.296916,1.859752
-9.186832,2.990449,1.756799
-9.244294,2.791125,1.966896
-9.375381,2.628913,1.816057
-9.061132,2.744437,2.297306
-9.216162,2.671412,2.227274
-9.098244,2.829434,2.238048
-9.302356,3.138295,2.194951
-9.908706,3.106571,2.263786
-9.215563,3.587820,1.191151
-8.554743,3.605777,1.505400
-9.505270,2.938972,2.943162
-9.772831,3.152062,3.839818
-9.142538,3.510605,3.712921
-8.649317,3.461522,3.143682
-9.128172,2.813272,3.929603
-9.103032,2.510995,4.263604
-7.735901,2.715107,3.075445
-8.710970,2.195549,2.045309
-8.223136,3.353780,2.737254
-8.747482,4.282160,4.032557
-9.328693,3.726688,3.036538
-8.741497,2.398464,2.569655
-8.244685,3.339414,2.848588
-8.256656,3.110162,2.895276
-8.162681,2.373923,3.167625
-8.245882,2.411633,3.566272
-7.755055,3.432791,4.318673
-7.418061,4.179206,4.295927
-7.167261,4.328848,3.884710
-7.248666,4.304307,3.912244
-7.238491,4.570670,4.726298
-7.573091,4.376734,4.687391
-12.669903,4.631125,2.515784
-10.043384,3.386103,2.642082
-8.226728,3.392687,3.510006
-7.478517,1.773559,1.829824
-9.166480,2.310475,0.614730
-11.060352,4.325257,2.687573
-8.384151,4.090618,2.285933
-9.027613,3.418425,1.730462
-9.451399,3.310084,1.334209
-8.883357,3.125725,1.452127
-8.800156,4.068471,1.445543
-8.845648,4.204945,1.896864
-8.782798,4.296526,2.487052
-8.808536,4.335433,3.269980
-8.753468,4.253429,3.048510
-8.737307,4.371945,2.051893
-8.478725,3.524372,2.373324
-8.509252,4.167235,1.765777
-9.183240,3.919427,1.561067
-10.173273,3.680598,1.010383
-10.633572,2.091997,2.384697
-10.726949,2.039922,2.351776
-9.301757,1.248614,2.447547
-8.302746,2.851581,2.797710
-8.497281,4.109174,3.367547
-8.576890,3.818269,3.130514
-7.921458,3.971503,3.756617
-8.133351,2.767183,3.179596
-8.515238,1.640676,3.067664
-8.705583,1.316252,3.098790
-8.494886,2.308080,3.606376
-8.686428,2.831229,3.309486
-7.716149,3.184984,3.010800
-7.476721,3.646480,2.578633
-9.416682,2.664827,3.089811
-10.782616,2.572648,4.121145
-9.530410,2.026155,2.485257
-9.897333,1.980663,1.775354
-9.884763,3.154457,3.439974
-9.293377,3.471099,2.627117
-8.739701,2.878516,1.760989
-8.898920,2.397866,2.185374
-9.162889,2.549304,2.437970
-9.346051,2.601379,2.421808
-9.372987,2.595992,2.493038
-9.323904,2.568458,2.258399
-9.252674,2.740247,2.187768
-9.125179,2.694756,2.213507
-9.334080,2.412231,1.941756
-9.288588,2.239844,1.919609
-9.276617,2.379909,2.023162
-9.285596,2.635497,1.962108
-9.329291,2.798308,1.960911
-9.260456,3.008406,1.989642
-9.211972,2.893481,1.875914
-9.215563,2.679792,2.050097
-9.233520,2.660039,2.099778
-9.365804,2.669017,2.028549
-9.241900,2.646272,2.045309
-9.271829,2.663630,2.013585
-9.328094,2.675602,2.061470
-9.293976,2.581626,2.029746
-9.350241,2.588211,2.017176
-9.277814,2.677397,2.080624
-9.304151,2.701340,2.084814
-9.239506,2.695354,2.034534
-9.295173,2.654053,2.032739
-9.276019,2.552895,2.001015
-9.265244,2.785140,1.989043
-9.243097,2.850982,2.003409
-9.199402,2.986259,2.020169
-9.337671,2.771373,2.015380
-9.329291,2.527755,2.052492
-9.211972,2.630709,2.044710
-9.295771,2.504411,2.049499
-9.332284,2.396070,2.071047
-9.332883,2.464905,2.110553
-9.336474,2.568458,2.099778
-9.259857,2.582225,2.138087
-9.222746,2.687573,2.163227
-9.283800,2.650462,2.153650
-9.171868,2.749226,2.158438
-9.255069,2.757605,2.151255
-9.286194,2.760598,2.082420
-9.169473,2.656447,2.150657
-9.237112,2.672609,2.203929
-9.318517,2.579232,2.147065
-9.259259,2.508002,2.133897
-9.136552,2.691763,2.187169
-9.238309,2.728874,2.174600
-9.171868,2.808484,2.169811
-9.256864,2.613949,2.199739
-9.283800,2.655250,2.154248
-9.207782,2.739050,2.098581
-9.350840,2.554691,2.059674
-9.219154,2.636096,2.035133
-9.267639,2.579831,2.159635
-9.230527,2.697150,2.091399
-9.304151,2.707924,2.135094
-9.300560,2.613949,2.157840
-9.318517,2.603773,2.027352
-9.193416,2.530748,2.065660
-9.325700,2.645075,2.047703
-9.332883,2.564268,2.108158
-9.306546,2.679193,2.049499
-9.330488,2.482862,2.033936
-9.319714,2.506805,2.078829
-9.329291,2.427196,2.088406
-9.284398,2.521171,2.022563
-9.255667,2.507404,2.011190
-9.308940,2.690566,2.065660
-9.238907,2.728874,2.128510
-9.257463,2.707326,2.040520
-9.327495,2.566063,2.101574
-9.370592,2.534938,2.051294
-9.295173,2.431386,2.076434
-9.274821,2.597189,2.162628
-9.244294,2.632505,2.159037
-9.277216,2.762394,2.243435
-9.314327,2.776760,2.166220
-9.245492,2.693559,2.092596
-9.250280,2.600780,2.094990
-9.311933,2.561275,2.021366
-9.280807,2.462511,2.086011
-9.252674,2.595992,2.181184
-9.276617,2.644476,2.195549
-9.255667,2.757605,2.242238
-9.335875,2.703734,2.198542
-9.124581,2.728874,2.036330
-9.261054,2.586415,2.081223
-9.359818,2.537332,2.080624
-9.270033,2.558881,2.053090
-9.239506,2.659440,2.115940
-9.226936,2.711516,2.183578
-9.233520,2.664229,2.141080
-9.373585,2.658842,2.175797
-9.258660,2.682784,2.075237
-9.333481,2.613949,2.070449
-9.376578,2.542121,1.968692
-9.235316,2.491841,1.980065
-9.252674,2.556486,2.115940
-9.294574,2.722888,2.093793
-9.296968,2.819857,2.154248
-9.383761,2.985660,2.102771
-9.182043,2.799505,1.850175
-9.211972,2.779154,1.889681
-9.081484,2.962915,1.887885
-9.172466,2.799505,1.971086
-8.983318,2.708523,2.123721
-9.228133,2.657644,2.345192
-9.102434,2.610358,2.424203
-9.271829,2.774365,2.646272
-9.347847,2.798308,2.769577
-10.236721,2.263188,4.247443
-9.583084,2.935380,2.093793
-9.052752,2.760000,1.929785
-9.347847,3.000026,1.796304
-9.177255,2.910240,2.070449
-8.982121,3.073051,1.475471
-10.373793,0.672192,3.605777
-8.960573,2.388887,1.596382
-9.300560,2.946155,1.962706
-9.088667,3.369343,2.375120
-9.365804,2.782147,2.267976
-9.231724,2.961119,2.416421
-9.035992,3.062875,1.696942
-9.568120,3.043721,2.332622
-9.219154,2.842602,2.138685
-9.250879,2.861756,1.778347
-8.529603,3.683591,2.030943
-8.592453,2.736656,1.845387
-9.413091,2.270371,1.833415
-9.259857,2.273363,2.018373
-8.952193,3.038933,1.980663
-7.916669,2.434977,1.772361
-9.396929,2.323045,1.483253
-9.222746,2.551099,1.957319
-9.508263,2.892283,2.971893
-9.378374,2.878516,2.175198
-9.422668,2.888093,1.746623
-9.318517,3.035940,1.732856
-9.307743,2.776760,1.926792
-9.176656,2.986259,1.933975
-9.188627,2.791724,1.902251
-9.594457,2.693559,2.487651
-9.112609,2.752817,2.042914
-9.140143,2.657046,1.710709
-9.426259,2.844996,1.441353
-9.128172,2.634300,2.384697
-,-,-

-9.125179,3.147872,1.998620
-9.197606,2.981470,1.902251
-9.317320,2.508002,2.015979
-9.191620,3.052700,1.869928
-9.126376,3.838022,1.470084
-9.954197,2.898868,1.752609
-9.574106,2.761795,2.438568
-9.969760,2.421210,2.877319
-9.362212,2.833025,3.292726
-8.603826,2.815068,3.088614
-8.268029,2.956929,3.754821
-8.616994,3.988263,4.175615
-9.087469,4.637710,4.316278
-8.346441,3.187378,3.984671
-7.746676,2.852778,3.566870
-7.010436,4.769395,4.212726
-6.604008,4.583240,4.555706
-7.551542,3.310683,4.429408
-7.970540,2.820455,4.860377
-8.132154,2.522368,4.313884
-7.855016,2.681587,4.385712
-7.739493,2.757007,4.444971
-7.728718,2.433181,4.305504
-7.379154,2.361952,4.512609
-7.685023,1.995628,4.567677
-7.881952,2.195549,4.587430
-7.705973,2.758204,5.489473
-8.326090,2.437970,5.949772
-7.782590,2.066259,5.466129
-8.818113,2.548705,5.309902
-9.896734,2.904853,5.752245
-9.432245,3.246636,4.820273
-7.195992,3.504619,4.470709
-6.621366,2.317059,3.301704
-9.383162,2.188367,4.116356
-10.775433,2.817462,3.372336
-8.805544,2.500221,2.016577
-8.821705,2.686376,2.425400
-8.639740,2.609160,2.443955
-9.161093,3.195159,2.437970
-9.371191,3.733871,1.941756
-9.062329,3.484268,1.763981
-9.086871,3.550709,1.672999
-9.049161,3.767391,1.478464
-8.714561,3.817072,1.764580
-8.870189,3.826649,1.929186
-8.980326,3.722498,1.975875
-9.053950,3.795524,2.099778
-8.644529,4.270787,2.216499
-8.406897,4.233077,2.318256
-8.522421,4.825062,2.418816
-8.068705,4.658660,2.628315
-8.341653,4.449759,2.376916
-8.388341,4.024177,2.423604
-8.390735,3.933194,2.279948
-8.457775,3.918230,2.303292
-8.666676,4.176213,2.505608
-9.873989,5.481692,1.826233
-10.938842,4.602394,2.100976
-11.982148,2.126115,3.764398
-10.734132,0.708106,1.581418
-7.742486,2.867742,2.255406
-8.694808,5.193181,2.185972
-9.715967,4.232479,3.085621
-9.377775,3.449551,3.022771
-6.771607,3.894287,3.123930
-7.231906,4.673025,4.218712
-7.413871,4.371945,3.805101
-7.072687,3.863760,3.284944
-7.565908,3.362758,3.928406
-7.447391,3.732674,4.649083
-6.879349,5.109980,4.575459
-6.654886,6.117372,4.312088
-6.896109,5.894704,3.432192
-7.120573,3.255016,2.636096
-7.773611,3.085621,2.958725
-9.117398,4.088224,2.916226
-10.798777,2.858764,2.565465
-9.434639,1.599375,3.853585
-7.961562,2.442160,4.110969
-10.731139,3.446558,2.360156
-9.205387,4.043930,3.434587
-7.865192,5.329057,3.893689
-8.553546,3.448952,2.384697
-9.177255,3.397475,3.038334
-9.037788,3.687781,3.289733
-8.160885,3.721900,3.577046
-8.310527,4.802316,2.991646
-8.545765,4.787352,2.717501
-8.974938,3.380715,3.140091
-8.933637,2.870136,3.450149
-8.508653,3.501626,3.032947
-8.545166,4.222303,3.051503
-8.455381,4.084034,3.498035
-8.291972,4.847807,3.130514
-8.338061,5.069278,2.952739
-8.285387,4.320468,2.771373
-8.725335,3.293324,2.900065
-9.050358,3.584827,2.609759
-9.030605,2.785738,2.708523
-9.033000,2.600182,2.601978
-8.895927,3.636304,2.617540
-8.953390,3.609369,2.531346
-9.143735,2.884502,2.439167
-8.991698,3.024567,2.695354
-8.936630,3.120937,2.802498
-9.044372,3.201145,2.926402
-8.851035,3.246636,3.052700
-8.527209,3.580039,3.624931
-8.116591,2.922810,3.777567
-8.696005,2.312869,4.397085
-9.790189,2.770774,5.793546
-9.468758,2.792322,5.375146
-7.771815,1.270761,4.233077
-8.336266,1.489837,5.429616
-7.834665,2.682186,5.448770
-7.233104,3.379518,3.879323
-7.735303,2.564268,2.876721
-8.994691,0.863734,3.754821
-8.515238,2.186571,5.345218
-8.657098,3.131112,5.083643
-8.302746,3.472296,4.378529
-7.793962,4.132518,4.179805
-8.101028,2.367339,4.694574
-7.996877,2.389486,4.221704
-7.959766,2.712713,3.793728
-7.580273,3.197553,3.994847
-7.404294,4.220507,4.080442
-7.600625,4.023578,4.099596
-7.850826,3.395680,4.201952
-7.781392,3.896682,4.292336
-7.824489,4.008015,4.323461
-8.522421,4.229486,4.330644
-8.782798,4.873546,4.359375
-10.065531,3.409447,2.458920
-8.921666,1.829225,3.577645
-8.119584,2.528354,4.178009
-8.447001,2.341002,2.283539
-10.283410,3.244840,1.227664
-9.498088,4.424021,2.384697
-8.871386,4.520989,2.333819
-9.862017,3.110162,3.016786
-8.928250,3.369343,2.199739
-8.584672,4.769993,1.745426
-8.054340,5.195576,1.775953
-8.542772,4.520989,2.992843
-7.576682,5.245257,2.112348
-7.810722,6.356799,2.080026
-8.169265,4.980690,2.464307
-8.920469,2.642680,2.534339
-9.190423,2.399063,2.212908
-9.456188,3.462121,1.675992
-8.875576,3.814079,1.412622
-8.907300,3.272375,1.081015
-8.547560,3.141288,1.384489
-8.439818,3.959531,1.407833
-7.830475,4.977697,0.907430
-8.366793,5.209343,0.759583
-9.063527,4.825660,1.614339
-8.924659,4.940585,1.101366
-9.279610,5.905478,1.228262
-11.026832,3.389694,0.861938
-13.479168,2.078829,0.791906
-12.063553,0.619518,1.412023
-10.884373,0.545296,1.328223
-10.646142,2.257801,1.723279
-9.216760,1.590995,1.092986
-9.509460,1.684970,1.688562
-8.569707,3.976890,1.862745
-9.338868,1.825035,1.565855
-8.686428,3.776968,2.056083
-8.343448,3.595602,3.328041
-7.708367,3.441769,3.009004
-7.206767,5.527781,3.016786
-7.760443,6.277788,3.132908
-7.485700,4.579050,2.945556
-6.220924,4.248640,3.250227
-5.665452,3.800911,4.253429
-6.030579,4.697567,3.444164
-7.075680,6.032375,2.895875
-5.704958,4.891503,4.052908
-6.666858,4.866962,4.416838
-6.887729,5.159662,3.440572
-6.770410,4.743656,4.529967
-8.840859,6.018009,6.298738
-7.374366,5.870163,4.566480
-6.199974,5.575667,3.471099
-6.577072,4.526376,3.444762
-7.396513,3.465114,3.203539
-8.202186,5.193181,3.307690
-7.025400,6.496266,3.186779
-8.232713,7.858608,3.550110
-7.787977,7.119376,3.535146
-7.849629,5.278178,3.013793
-10.014054,4.002628,4.549122
-6.741080,3.120338,3.587820
-8.792974,5.347014,2.831229
-9.526819,4.590423,2.402056
-7.255849,3.854183,2.820455
-8.066311,5.980898,3.291529
-9.349642,5.509226,3.845803
-9.803358,2.019570,3.493845
-8.918673,1.157033,2.515784
-9.018634,4.057098,1.076825
-8.913884,4.886116,1.525153
-8.886350,3.447755,0.885881
-9.346051,2.728874,1.386285
-9.243097,3.312479,1.622121
-9.255667,3.810488,1.160026
-9.459779,3.307690,1.435966
-9.960183,3.062875,1.708913
-9.590866,2.239844,1.175588
-8.527209,2.475680,0.972674
-9.188627,4.871152,0.126896
-9.034197,6.695589,1.590995
-9.444216,7.216942,0.380689
-10.003878,2.645075,4.649681
-7.812518,1.679583,4.421626
-7.410280,2.065061,3.470501
-7.755654,3.094600,1.042706
-6.663266,5.129733,0.639869
-7.808927,6.565101,3.628523
-7.902303,4.166038,3.609967
-7.854418,2.706129,3.465114
-7.567105,3.166428,3.823058
-7.428237,3.595003,3.243643
-9.359220,5.082446,3.662641
-11.877997,5.985088,1.942953
-9.966767,1.625113,5.997658
-7.552739,1.060663,-0.104749
-9.331087,3.975693,1.238438
-10.368406,8.149512,0.976864
-8.977333,5.437996,0.667404
-9.517840,4.567079,2.992244
-9.711178,0.763175,3.392088
-7.913078,5.687599,1.695146
-8.764242,6.049733,-0.014365
-5.622355,7.088250,1.541912
-6.645908,6.381939,5.265010
-6.656083,7.381549,3.167026
-5.439792,-2.688770,3.645283
-6.078465,-0.909225,1.386285
-6.289161,3.459727,4.721509
-8.278205,10.325309,7.242681
-9.036591,11.578712,7.270215
-5.187196,3.097592,3.972101
-2.289525,1.990240,3.832036
-4.167235,2.769577,5.701366
-7.380351,7.305530,5.732492
-2.474482,7.079870,6.361588
-0.177774,3.953546,5.853403
-2.179388,4.640703,6.010228
-1.461106,5.110579,4.717918
1.819648,3.473494,4.604788
4.373741,7.862199,7.030787
13.625219,-2.761795,13.309174
6.143709,-3.308289,15.080938
9.848849,6.909876,15.741758
13.200235,6.644711,10.492909
9.805752,8.076487,7.391126
7.446793,6.253247,5.472713
5.197970,5.213533,3.613559
4.115758,3.983474,2.347586
2.989850,3.905062,4.273181
3.314274,2.954535,3.795524
4.905270,4.611373,4.230084
5.530774,7.775407,8.650514
6.241874,9.058738,7.332466
5.211737,7.090644,5.950371
5.223110,7.342043,8.246480
3.414235,7.168458,6.820091
5.018998,6.294548,5.484684
5.005231,5.610384,5.473910
3.879323,6.645309,5.219518
3.583630,5.168640,5.633129
4.328250,4.648484,6.220325
4.965127,5.606194,7.125361
4.609577,5.387716,7.931035
3.678803,5.627742,7.760443
3.543526,5.822277,6.943396
3.350188,6.374756,7.695199
3.198152,5.994066,6.377150
3.750631,5.214131,5.969525
4.148081,5.673234,6.232297
3.831438,6.356200,6.908081
3.747040,6.539961,6.718334
3.583032,6.651295,6.914665
3.215511,6.381939,6.630943
2.977280,7.005647,6.265218
2.614548,6.098816,6.077866
2.789330,5.995264,6.821288
2.925205,6.346623,6.984099
2.986259,6.433416,6.810514
3.006610,6.189200,6.787768
2.911438,6.087443,6.857801
2.864749,6.054522,7.081666
2.872531,5.828861,6.990683
2.865946,5.954561,6.894314
3.018581,5.986884,7.021210
3.016187,6.085049,6.984099
2.964710,6.054522,6.945791
2.901861,6.153286,6.929031
2.886896,6.172440,6.934418
2.947352,6.174834,6.978113
2.956929,6.221522,6.926636
2.954535,6.231698,6.854210
3.017983,6.196981,6.952973
2.949147,6.113780,6.963149
2.904853,6.072479,6.957163
2.856369,6.035368,7.032583
2.810878,6.052726,7.047547
2.906050,6.055120,7.055329
2.804892,5.959349,7.159480
2.801900,5.975511,7.052934
2.799505,5.993468,7.067300
2.777358,5.979701,7.157085
2.798308,5.977905,7.108003
2.791724,5.963539,7.102616
2.819258,5.994066,7.128953
2.839011,5.987482,7.104411
2.816864,5.996461,7.133741
2.812674,5.991074,7.120573
2.775563,5.977306,7.120573
2.813272,5.985686,7.097827
2.800702,5.972518,7.124164
2.764788,5.988679,7.191802
2.810878,5.949772,7.215147
2.772570,5.943188,7.118178
2.777358,5.932414,7.143318
2.785140,5.974314,7.145114
2.781548,5.934808,7.189408
2.758204,5.924632,7.186415
2.787534,5.930618,7.166064
2.750423,5.952765,7.161874
2.748627,5.919844,7.157684
2.791125,5.967729,7.151100
2.777358,5.957554,7.172050
2.770175,5.926428,7.160078
2.748028,5.925830,7.140924
2.742043,5.974912,7.211555
2.803695,5.908471,7.233702
2.754014,5.898295,7.136135
2.783344,5.948575,7.152297
2.767781,5.955159,7.167860
2.747430,5.937801,7.164268
2.724684,5.915055,7.222329
2.748028,5.935407,7.219935
2.731268,5.898295,7.172050
2.735458,5.916252,7.231906
2.758803,5.938399,7.179831
2.709720,5.942589,7.204372
2.710319,5.951568,7.188809
2.696551,5.913858,7.240286
2.762394,5.938998,7.167261
2.727078,5.928822,7.244476
2.716903,5.943787,7.205569
2.706727,5.909668,7.187612
2.731268,5.928224,7.199584
2.719896,5.921640,7.189408
2.681587,5.921041,7.222928
2.700143,5.911464,7.275003
2.740846,5.907872,7.207964
2.706129,5.856396,7.219935
2.684580,5.887521,7.219336
2.738451,5.919844,7.222329
2.697150,5.903683,7.237294
2.725283,5.901288,7.224724
2.728874,5.918647,7.190605
2.689967,5.935407,7.245075
2.741444,5.878543,7.281588
2.670214,5.880338,7.186415
2.691164,5.919245,7.213949
2.734261,5.919245,7.224724
2.696551,5.921640,7.236695
2.654652,5.876148,7.258842
2.693559,5.894704,7.301340
2.688171,5.880338,7.215147
2.693559,5.883930,7.231906
2.696551,5.924632,7.250462
2.681587,5.927625,7.248068
2.687573,5.863578,7.263631
2.682784,5.873156,7.252856
2.688770,5.886324,7.210957
2.680390,5.916252,7.236695
2.723487,5.831854,7.334860
2.652856,5.884528,7.190007
2.688171,5.895303,7.219935
2.681587,5.906675,7.216344
2.685777,5.889915,7.240885
2.649265,5.879141,7.285179
2.657644,5.879141,7.288172
2.640885,5.889915,7.239089
2.619336,5.887521,7.209161
2.695354,5.965335,7.224724
2.776760,5.956955,7.264828
2.688770,5.883930,7.284580
2.642680,5.785166,7.360599
2.493637,5.707951,7.300742
2.619336,5.734288,7.303735
2.687573,5.892908,7.330072
2.714509,5.862980,7.289369
2.673207,5.846818,7.187014
2.674404,5.910865,7.289369
2.668419,5.905478,7.253455
2.611555,5.871958,7.329473
2.643877,5.818087,7.266623
2.776760,5.957554,7.245075
2.736057,5.969525,7.200781
2.595992,5.856994,7.224724
2.600780,5.846818,7.289369
2.637892,5.865374,7.317502
2.620533,5.919245,7.296552
2.612153,5.919844,7.260638
2.680390,5.972518,7.230709
2.745634,5.915055,7.221731
2.724684,5.941392,7.232505
2.715706,5.856396,7.327677
2.676799,5.879141,7.178634
2.597788,5.857593,7.252258
2.640885,5.938399,7.193598
2.639687,5.897098,7.243279
2.649863,5.851607,7.308523
2.698347,5.875550,7.287573
2.670214,5.870163,7.249265
2.688171,5.925231,7.254652
2.667222,5.970722,7.224724
2.697749,5.934210,7.241484
2.663630,5.881535,7.258243
2.668419,5.905478,7.222329
2.633702,5.916252,7.270215
2.655250,5.880937,7.252856
2.672609,5.895303,7.231906
2.719297,5.896500,7.236096
2.665426,5.853403,7.288770
2.658243,5.900690,7.251061
2.685179,5.910865,7.179831
2.701340,5.905478,7.228914
2.656447,5.943188,7.242681
2.637892,5.899493,7.260638
2.635497,5.963539,7.254053
2.682784,5.900091,7.258243
2.665426,5.839636,7.263032
2.661834,5.894105,7.275003
2.642680,5.909070,7.248666
2.634300,5.875550,7.267222
2.649265,5.879740,7.271412
2.667820,5.888718,7.275003
2.648067,5.874951,7.287573
2.660039,5.901288,7.246272
2.639089,5.828861,7.248068
2.631307,5.896500,7.259441
2.735458,5.901288,7.303136
2.670813,5.907872,7.210358
2.709720,5.880338,7.188809
2.670813,5.978504,7.219935
2.652856,5.910267,7.222928
2.643279,5.891113,7.294158
2.659440,5.852804,7.288770
2.671412,5.841431,7.279792
2.672010,5.861184,7.259441
2.691164,5.891711,7.230709
2.629512,5.889317,7.260039
2.673207,5.897697,7.242681
2.672010,5.900690,7.219935
2.697150,5.928224,7.243878
2.670214,5.914457,7.249265
2.609160,5.879141,7.237892
2.670214,5.874951,7.220534
2.683383,5.894105,7.292960
2.672010,5.881535,7.297749
2.638490,5.809707,7.200182
2.670214,5.862980,7.243279
2.654053,5.915654,7.239089
2.640885,5.864776,7.283383
2.634300,5.864177,7.292362
2.657046,5.900690,7.279792
2.630110,5.863578,7.255849
2.633702,5.868367,7.224724
2.672010,5.879141,7.275003
2.640885,5.862980,7.301939
2.655250,5.901288,7.276201
2.659440,5.853403,7.253455
2.655849,5.852804,7.270813
2.631307,5.856994,7.269018
2.663032,5.882134,7.222329
2.683982,5.880338,7.290566
2.636695,5.928822,7.276201
2.635497,5.821679,7.221731
2.692960,5.872557,7.257046
2.640286,5.891113,7.255849
2.613350,5.867170,7.288172
2.648067,5.843227,7.289369
2.670214,5.888120,7.269018
2.600780,5.872557,7.294158
2.612752,5.852206,7.306728
2.621730,5.879141,7.246272
2.658243,5.894704,7.231906
2.640286,5.880937,7.292362
2.634300,5.879740,7.328875
2.635497,5.839037,7.273806
2.659440,5.861184,7.230709
2.632505,5.903683,7.298946
2.663630,5.849213,7.357606
2.573845,5.879141,7.241484
2.640286,5.883930,7.249863
2.640286,5.901887,7.276201
2.635497,5.858790,7.250462
2.606766,5.855797,7.285778
2.665426,5.857593,7.292362
2.655849,5.841431,7.259441
2.623526,5.876747,7.272609
2.638490,5.879740,7.267821
2.620533,5.851607,7.272011
2.628315,5.866571,7.289968
2.672010,5.886324,7.287573
2.603175,5.882134,7.273806
2.654652,5.880338,7.273208
2.570253,5.847417,7.361197
2.630110,5.821080,7.352219
2.616942,5.835446,7.236695
2.645075,5.893507,7.282186
2.624125,5.879141,7.269018
2.595393,5.885725,7.289369
2.612153,5.854001,7.348627
2.618139,5.865973,7.312115
2.630110,5.862980,7.244476
2.623526,5.873754,7.297749
2.625920,5.889317,7.310918
2.624723,5.840833,7.309122
2.619336,5.843826,7.322889
2.601379,5.848614,7.274405
2.621730,5.849213,7.251061
2.596590,5.886923,7.307326
2.670813,5.829460,7.357606
2.591203,5.862381,7.270813
2.603773,5.880338,7.272609
2.602576,5.876148,7.279792
2.591203,5.839636,7.299545
2.578035,5.840833,7.334860
2.648067,5.868367,7.328276
2.627716,5.829460,7.272011
2.612153,5.862381,7.272011
2.618738,5.896500,7.303735
2.585816,5.867768,7.333663
2.585218,5.868367,7.341445
2.618139,5.847417,7.286975
2.587612,5.886324,7.277398
2.650462,5.876148,7.295953
2.618738,5.833051,7.361796
2.561874,5.837840,7.310918
2.584619,5.854001,7.270215
2.597189,5.865973,7.268419
2.599583,5.871958,7.301340
2.580429,5.854600,7.319297
2.630709,5.827664,7.344437
2.594795,5.847417,7.322889
2.597788,5.833051,7.286975
2.575641,5.868367,7.303735
2.605569,5.854600,7.304333
2.595393,5.855198,7.342043
2.575641,5.828861,7.321093
2.563071,5.876747,7.286376
2.677397,5.950371,7.312713
2.595992,5.870761,7.312115
2.562472,5.753442,7.351620
2.562472,5.724710,7.307925
2.515784,5.698972,7.357007
2.582823,5.849213,7.344437
2.616343,5.916851,7.318699
2.611555,5.916252,7.344437
2.580429,5.838439,7.326480
2.576838,5.800729,7.267821
2.594795,5.900690,7.270215
2.657046,5.949174,7.281588
2.652856,5.916252,7.283383
2.557085,5.794144,7.334860
2.585218,5.771399,7.313312
2.565465,5.788757,7.322889
2.627117,5.867170,7.331269
2.653455,5.861184,7.348627
2.584021,5.888718,7.304932
2.601978,5.925231,7.200781
2.622928,5.947977,7.190605
2.603175,5.888718,7.304333
2.566063,5.834847,7.313312
2.627117,5.791750,7.328875
2.629512,5.850410,7.325882
2.611555,5.865973,7.252258
2.657644,5.903683,7.319297
2.650462,5.973116,7.188809
2.592401,5.721718,7.258243
2.524762,5.776187,7.450384
2.383500,5.753442,7.250462
2.328432,5.813299,7.247469
2.343994,6.190995,7.330072
2.325439,6.214340,6.629148
2.386493,5.754639,7.109798
2.666024,6.716539,6.575277
2.544515,6.664463,6.665660
3.308289,6.511230,6.331659
4.340820,7.297749,6.414262
4.569473,7.406090,6.794353
4.795732,6.369369,6.131737
4.546129,5.506233,6.125751
4.911256,5.956955,6.416656
5.042342,5.281171,5.215927
5.740273,4.880130,5.072271
5.825270,5.454756,5.394301
6.074873,5.710943,5.344619
6.705765,5.235081,5.336838
6.070683,5.112973,6.052128
5.414652,5.338035,6.221522
5.503240,5.112973,6.029981
5.921041,4.501835,6.608796
5.750449,5.279375,6.824281
6.371165,4.608380,5.684008
6.420846,3.323851,5.995264
4.886116,4.121145,6.715940
7.430631,3.536343,6.435212
7.523409,5.525387,8.943214
6.854808,1.945946,10.042785
6.850618,4.628731,8.815121
5.048926,4.310891,10.970566
1.675992,3.769187,10.348654
2.943162,4.222303,9.059935
2.286532,3.832036,8.300950
0.601561,4.341418,8.976136
-0.311255,5.302720,9.292778
-0.549486,4.893299,8.898322
-1.636486,5.567287,8.341653
-3.379518,5.553520,7.661080
-4.631125,4.954353,6.205361
-4.673025,4.509616,5.868966
-4.415042,4.899284,5.832453
-4.013403,5.601405,5.981496
-4.351594,5.368562,5.332049
-6.106597,4.480885,4.544333
-6.547742,3.293923,4.435992
-6.088042,3.564476,4.485075
-5.586441,4.671230,4.676617
-6.188601,4.348601,4.266597
-8.025609,4.822069,5.230891
-9.486715,4.836435,4.014001
-8.188419,4.731086,5.914457
-6.597424,4.210930,3.512999
-5.190189,2.403253,1.270761
-6.756643,2.898269,2.502615
-8.169265,3.521978,4.443175
-8.452388,2.258399,3.815875
-7.774210,1.687963,3.915237
-8.011243,2.992843,2.310475
-7.673052,3.921822,3.671620
-8.098035,3.512999,5.049525
-11.685258,1.898061,5.141705
-7.500065,4.170826,1.781340
-8.118985,5.311698,0.997814
-9.532804,5.348809,2.008796
-8.226129,4.662251,1.616135
-9.200599,4.163643,1.092387
-9.362811,3.436382,2.082420
-8.725335,2.777957,2.230266
-9.182043,3.392687,1.962108
-8.946207,3.531555,1.731060
-8.848640,4.293533,2.566063
-8.922264,3.969108,2.294313
-9.243097,3.365153,2.087209
-9.092856,2.938972,2.111151
-9.219154,2.791724,2.020169
-9.146728,2.845595,1.968692
-9.170670,3.474691,2.139284
-8.953989,3.591412,2.070449
-8.989304,3.666233,2.011190
-9.129968,3.499831,1.658035
-9.286793,3.315471,1.816057
-9.003670,3.474691,1.681978
-9.039584,3.375927,1.847781
-8.639740,3.176604,1.783734
-8.901315,3.600989,2.316460
-9.147925,4.028965,2.692361
-9.138946,3.988861,2.428393
-8.773819,3.541730,2.523565
-8.633156,3.539336,2.416421
-8.824099,3.356174,2.359557
-8.860612,3.350787,2.202732
-8.924659,3.105374,2.097384
-8.943214,3.421418,2.010592
-8.953989,3.160442,2.264983
-8.895329,3.220299,2.156642
-8.956383,3.146077,2.055484
-8.745088,3.340013,2.065660
-8.945609,3.590215,2.141678
-9.371790,3.821262,1.385686
-9.931451,2.354769,1.298894
-9.711178,2.411633,2.185972
-11.311152,3.238855,2.992244
-10.196019,2.426597,2.914430
-9.141341,2.707924,3.197553
-9.526220,2.669616,2.766584
-9.492700,3.396877,3.326246
-8.835472,3.938581,1.438360
-7.904698,7.191802,1.624515
-6.976916,6.717736,2.498425
-7.846636,5.574470,2.941965
-8.860013,4.089421,3.548315
-8.075290,4.831047,4.163643
-7.491685,5.454756,4.152271
-8.274613,5.983292,4.896291
-7.995680,6.085049,4.807703
-7.291763,3.392687,5.884528
-6.457359,3.897280,5.130930
-6.539961,5.310501,5.679818
-3.813481,6.965543,5.244658
-3.503422,5.450566,6.180820
-3.657853,4.794535,6.777593
-2.885101,3.314274,6.382537
-3.023969,2.660637,6.691997
-2.638490,3.523773,6.621366
-3.295120,3.050904,7.228914
-4.104385,3.652466,6.399297
-4.280963,2.510397,6.894912
-4.889109,1.947143,6.502850
-6.756044,2.306285,6.876955
-6.126350,3.294522,8.058530
-5.669044,3.174209,8.324893
-5.507430,2.209915,7.148107
-5.886923,1.189954,7.525205
-12.146754,1.661626,7.695797
-13.566559,3.242446,7.067300
-8.995888,1.162420,5.259623
-7.552739,2.773168,5.152479
-7.518621,3.439974,2.403851
-7.598829,5.293741,1.468887
-10.307951,5.567287,2.691164
-8.952193,3.696161,3.504619
-7.221731,2.234456,2.904255
-8.536786,3.728484,2.056682
-11.254887,3.953546,3.744645
-7.787378,3.177202,2.123721
-7.746676,4.582641,0.946935
-9.818920,4.828653,1.735250
-8.926454,3.991256,2.552895
-7.914275,3.530358,2.207521
-8.889343,3.350787,1.881899
-8.776214,3.852388,2.154248
-8.395524,4.531164,1.847182
-8.163279,4.863370,1.526948
-8.918673,3.668028,1.491633
-9.645934,2.072244,2.873129
-8.743292,2.339805,2.057280
-8.759454,4.001431,1.520364
-8.950996,4.773585,1.936968
-8.697801,3.867352,1.927989
-8.854028,3.068861,1.742433
-10.138556,4.286948,-0.052075
-11.285414,2.692361,1.956721
-11.291399,1.920208,2.088406
-9.832089,1.354560,1.175588
-9.384359,2.950345,2.642082
-9.323305,3.164034,2.077631
-9.425062,3.685986,2.734261
-8.482316,4.294131,3.194561
-8.642134,3.371737,2.957527
-8.988706,2.044710,2.594196
-8.162082,1.505400,3.115550
-7.994483,2.025556,3.284944
-7.862798,2.171008,3.351984
-7.907690,2.180585,4.075055
-7.921458,2.097983,3.935589
-8.749278,2.260793,5.024984
-8.543969,2.727078,5.314691
-8.487105,1.823240,4.617957
-7.980117,1.303682,2.601978
-8.524815,1.228262,2.458920
-10.188237,1.530540,3.141288
-9.966168,0.987039,2.892882
-9.648927,1.325829,2.427196
-9.632765,3.011997,2.180585
-9.824307,4.180403,2.285933
-9.226337,3.507013,1.704723
-9.188029,3.037736,1.619128
-8.978530,3.383110,1.798100
-8.732518,4.115758,1.628106
-9.592661,3.181392,2.467300
-9.086871,4.292934,2.453533
-9.155706,3.293324,2.581626
-8.818712,3.342407,2.667820
-8.811529,3.732674,2.542121
-9.177853,3.146675,2.521171
-9.187430,2.795315,2.453533
-9.082082,2.945556,2.071646
-9.252674,3.195758,1.439557
-9.120989,3.017983,1.490436
-9.374782,2.570253,1.488041
-9.429851,2.465504,1.204320
-9.348445,2.651659,1.403045
-9.401119,2.778555,1.503604
-9.577099,2.796512,0.898451
-9.994900,2.260195,1.513181
-9.765049,2.812075,1.529343
-9.355030,3.095797,0.770956
-9.298166,2.663032,1.287521
-9.427456,2.670813,1.407833
-9.207782,2.639089,0.787117
-9.210775,2.507404,1.070839
-9.769239,2.679193,1.116929
-9.384359,2.527755,0.986441
-9.434639,2.315862,0.991229
-9.665088,2.247026,0.987039
-9.617801,2.576838,1.128900
-9.541184,2.617540,1.278542
-9.518439,2.552296,1.440754
-9.490306,2.552895,1.376707
-9.432245,2.257801,1.460507
-9.314925,2.314066,1.523955
-9.386754,2.366740,1.518568
-9.760261,2.383500,1.626311
-9.529812,1.996226,1.643669
-9.607626,2.033337,1.632895
-9.519636,2.376317,1.720884
-9.312531,2.604372,1.728666
-9.296370,2.536734,1.652049
-9.413689,2.458920,1.760989
-9.485518,2.293715,1.774157
-9.461575,2.216499,1.662823
-9.371790,2.268575,1.624515
-9.437033,2.257801,1.660429
-9.472349,2.390084,1.687365
-9.410098,2.375719,1.620924
-9.475342,2.365543,1.687365
-9.498088,2.311073,1.713103
-9.485518,2.256603,1.678386
-9.431048,2.309876,1.668210
-9.431048,2.355367,1.652049
-9.465765,2.365543,1.683175
-9.507066,2.223084,1.672400
-9.410098,2.329629,1.747820
-9.500482,2.281743,1.711906
-9.441822,2.306883,1.716695
-9.386754,2.341600,1.741236
-9.438829,2.327833,1.708315
-9.432245,2.436773,1.780143
-9.474145,2.302095,1.723279
-9.422668,2.282940,1.799896
-9.470553,2.381704,1.743630
-9.468159,2.306285,1.742433
-9.396929,2.370332,1.806480
-9.385557,2.460117,1.792114
-9.390345,2.348783,1.793311
-9.407704,2.406844,1.869928
-9.395732,2.390683,1.829225
-9.408901,2.436174,1.844788
-9.401119,2.411034,1.811268
-9.416084,2.423604,1.825035
-9.347847,2.366740,1.841795
-9.371191,2.463110,1.845387
-9.378374,2.410436,1.834613
-9.362811,2.424203,1.852570
-9.456188,2.472088,1.853767
-9.327495,2.411633,1.780143
-9.356227,2.429590,1.873520
-9.414886,2.436174,1.858555
-9.371790,2.424203,1.840598
-9.393338,2.391880,1.856161
-9.371191,2.478672,1.783136
-9.329291,2.536135,1.809473
-9.319714,2.604970,1.767573
-9.358022,2.530748,1.720884
-9.327495,2.566662,1.850175
-9.362811,2.547508,1.872921
-9.253871,2.548705,1.878308
-9.386754,2.660039,1.892674
-9.455589,2.481067,1.814261
-9.305348,2.545712,1.829225
-9.362212,2.646272,1.917814
-9.426858,2.456525,1.977670
-9.367001,2.578633,1.941756
-9.366402,2.533741,1.977670
-9.314327,2.501418,2.060872
-9.393937,2.570852,2.249421
-9.384958,2.582823,2.263188
-9.311933,2.494834,2.469694
-9.328094,2.640885,2.625322
-9.276019,2.566063,2.803097
-9.350241,2.320650,3.101782
-9.228732,2.633702,3.490852
-8.645127,2.688770,3.891893
-8.695407,2.882108,3.745842
-9.055745,2.626519,3.794925
-8.687625,3.244840,3.600390
-7.979519,3.715315,3.629720
-7.944203,3.708731,4.412648
-8.095641,4.124138,3.421418
-7.434223,4.687989,4.036148
-8.277007,3.821861,3.550709
-8.105218,4.515003,3.923617
-7.882551,3.792531,4.072062
-7.218139,4.349200,4.110371
-7.084060,4.950163,4.099596
-7.136734,5.096213,4.033754
-6.887131,4.731086,3.939779
-7.243279,4.218113,4.325855
-7.176240,4.295927,4.574261
-6.686610,3.758412,4.540742
-7.014027,3.819466,4.283357
-7.861601,3.447157,4.862173
-9.021028,3.037736,5.435602
-11.343475,4.178009,4.629928
-10.140352,3.583630,5.150085
-7.473728,4.844814,3.295719
-7.969343,2.376317,3.074248
-8.528406,2.538529,2.914430
-9.584880,3.375927,2.545712
-9.439428,2.375719,2.424203
-9.073702,2.344593,2.888692
-8.733715,3.391490,3.017384
-8.877970,2.995237,2.812674
-8.742095,3.782355,3.141288
-8.825296,3.256812,2.894079
-9.154509,2.626519,2.701340
-8.630163,3.257410,3.055693
-9.371191,3.621340,3.580637
-8.860013,3.344203,3.122134
-8.727730,3.426207,2.336213
-9.285596,2.772570,2.384697
-9.044372,2.959323,2.277553
-9.401119,2.628913,2.229668
-9.426858,2.745634,2.512192
-8.974938,3.292726,2.930592
-8.974938,3.732674,2.447547
-8.901913,3.482472,2.436773
-8.973741,2.933585,2.376916
-9.228133,3.063474,2.543916
-9.293976,3.025166,2.416421
-9.307144,2.798907,2.487651
-9.427456,2.647469,2.335016
-9.339467,2.747430,2.342797
-9.337671,2.775563,1.824437
-9.001275,3.028757,1.978269
-9.069512,3.025764,1.882498
-9.172466,2.316460,2.755211
-9.157502,2.633103,2.693559
-9.099441,3.054496,2.922810
-8.939024,3.259206,2.909043
-8.423058,3.083825,3.280156
-8.435628,2.851581,3.901470
-8.399714,2.609160,4.477892
-8.364398,3.557892,4.660455
-8.922264,3.342407,5.388913
-8.954587,2.777358,5.043539
-8.281796,1.511385,3.966714
-8.973143,1.336005,5.173429
-8.826493,1.530540,5.169837
-8.351230,1.891477,4.163045
-7.567703,2.385894,3.522576
-7.553338,2.484658,2.897072
-7.767625,2.269173,3.380715
-8.394925,3.904463,3.922420
-9.137749,5.379935,3.741054
-8.323696,5.367964,3.032947
-8.441015,5.087833,3.166428
-8.454782,3.530956,3.812882
-8.053143,4.002628,3.972101
-7.515029,4.078048,3.506415
-7.249863,4.164242,3.530956
-6.997268,3.857775,4.030761
-6.729707,3.387898,4.162446
-6.316096,3.498035,4.071464
-6.188003,3.701548,4.240260
-6.104203,4.748445,5.505036
-6.990085,7.271412,4.744854
-7.312115,7.022407,5.112375
-12.912323,7.239688,3.448354
-14.302798,2.458321,2.953936
-6.184411,0.130487,5.380533
-7.459961,1.606558,0.990631
-8.412284,3.927807,0.116720
-10.632375,4.851997,2.609160
-7.923253,3.311282,2.754014
-8.397320,2.561275,1.769369
-9.930254,4.130123,1.619128
-8.582277,3.011997,1.686766
-8.674457,3.287937,1.730462
-8.972544,3.359766,1.868132
-8.959376,2.800702,2.348783
-8.945010,2.527157,2.166818
-8.911490,2.672609,2.191359
-8.435628,3.343006,2.081223
-8.463761,4.121145,2.072843
-8.731321,4.604190,1.859154
-9.188627,3.973897,2.487651
-9.708784,3.665634,2.689369
-12.226364,4.321067,2.050696
-12.745921,4.205543,2.011190
-10.998101,0.657826,2.955133
-10.827509,0.347768,1.987846
-9.158100,3.782954,1.528744
-9.094652,4.833442,3.096395
-9.084477,2.806090,3.049108
-8.374574,2.573246,2.248224
-6.598022,2.721093,3.158048
-7.217541,2.846194,3.009004
-7.632349,2.138087,3.714717
-6.946988,2.336213,3.691971
-6.701575,2.360754,4.032557
-6.973923,3.674613,4.693377
-7.329473,5.191386,5.527183
-7.662277,5.513416,5.109382
-7.866389,4.709538,5.269798
-6.817697,3.949954,4.756825
-7.507248,4.640703,4.743058
-13.631204,4.775381,3.014990
-11.665505,1.695745,4.993260
-6.423240,1.550292,0.993624
-6.811711,1.599974,0.081405
-11.481744,2.794717,0.982849
-8.886949,3.903266,3.185582
-7.601223,3.867352,1.798100
-9.526220,3.567469,1.972283
-9.503475,2.463110,2.338607
-8.946806,3.318464,2.097983
-9.213169,3.202342,1.920806
-9.237710,2.701340,2.134495
-9.159896,2.537332,2.230865
-9.142538,2.658842,1.998620
-9.370592,3.577645,2.814469
-9.223943,4.049915,2.275159
-8.719350,3.438777,1.450331
-9.320911,3.622537,1.792114
-9.554353,2.588809,2.020169
-9.606428,2.158438,1.573038
-10.338478,2.288926,0.642264
-10.647938,2.039323,0.671594
-9.258061,2.548705,2.173402
-9.630970,1.962706,3.257410
-9.492700,3.119740,3.032947
-9.087469,2.627716,2.208718
-8.585270,1.950735,2.799505
-8.455381,2.627117,3.316669
-8.479324,4.303708,3.268783
-8.376370,3.620742,2.955133
-8.486506,2.451138,3.083825
-8.819311,2.862355,3.739857
-8.773819,3.100585,3.767391
-8.584672,3.186779,4.057697
-8.572102,2.934183,3.757814
-8.230319,2.336812,3.681197
-8.587066,1.704125,3.685986
-8.534392,1.989043,4.056500
-8.670866,1.523955,3.898477
-8.197996,2.401457,3.775771
-8.357814,2.566063,4.298920
-8.087860,2.771373,4.143891
-8.177046,3.281353,4.552713
-8.071100,2.708523,4.034352
-8.893533,2.153650,4.269590
-10.316929,1.628106,4.650878
-9.621393,0.870318,4.847209
-8.308133,1.569447,2.831828
-7.997476,1.910032,2.320052
-9.808146,1.985452,2.818659
-10.370202,0.987039,3.205335
-9.379571,1.905244,2.424801
-8.719948,3.009004,1.136083
-8.924060,3.501626,1.866935
-9.722551,4.290540,2.001015
-9.189825,3.708731,1.599375
-9.109616,2.831229,1.935172
-9.046767,2.724684,1.714300
-9.195810,3.502225,1.510188
-9.037788,3.596799,1.727469
-9.051555,3.555498,2.112348
-9.043175,3.347196,2.325439
-8.652909,3.148471,2.312270
-8.745088,3.265790,2.490045
-8.622382,3.794925,2.309278
-8.536188,4.527573,1.362940
-9.253273,3.670423,2.065061
-9.636357,3.202941,2.910839
-10.810749,4.126532,2.293715
-11.038205,5.119558,1.637085
-11.521250,2.229668,2.983266
-10.890358,-0.220273,2.626519
-9.134756,0.876304,2.426597
-9.381965,3.211321,2.415823
-9.387352,3.547716,3.165231
-9.953000,3.420820,3.733871
-7.766428,2.349980,3.150865
-7.033780,2.151255,3.727287
-7.553936,2.693559,4.157658
-6.744073,1.851372,3.693168
-6.744672,1.981262,4.253429
-6.887729,1.953129,4.414444
-6.677033,2.066857,4.532362
-7.195394,2.689967,5.429018
-7.524008,3.842811,6.325673
-7.370176,5.203956,6.061106
-7.303735,5.254235,5.973116
-6.875758,3.128119,5.783969
-8.611607,2.563669,6.308914
-14.444061,2.490644,4.707742
-9.720755,0.190344,4.416838
-6.789564,2.570852,2.163825
-6.847625,2.943760,0.014365
-11.201614,5.446975,1.443149
-8.821705,4.167235,3.451347
-8.223735,2.782147,2.894079
-9.291581,2.439167,1.989642
-9.324503,3.195159,1.656239
-8.445804,3.945764,1.823240
-8.521223,3.832635,1.951333
-9.061132,3.298712,2.361952
-9.135953,2.855771,2.564268
-8.543370,2.955732,2.886896
-8.567313,3.451347,2.701340
-8.639740,4.087625,2.166220
-8.546363,3.733871,2.130305
-8.782199,3.446558,2.175797
-8.741497,2.983266,2.476877
-8.821705,3.494444,2.162030
-10.729343,4.779571,1.045699
-11.702616,5.186597,1.757996
-11.335095,1.851372,2.618738
-7.874769,-2.217098,-6.990683
-8.835472,1.503604,-0.229251
-8.645726,1.853767,2.084216
-10.265453,2.658243,0.589590
-9.741106,2.727078,2.487052
-8.495485,2.719896,3.343604
-8.293767,3.137098,3.359167
-8.089655,3.444164,3.178399
-7.549746,2.550501,3.226285
-8.358413,2.734261,3.566272
-8.091451,2.440963,3.854782
-7.634743,3.009004,4.149876
-7.349824,3.839219,4.020585
-7.301340,3.942173,4.294730
-7.844841,4.215120,4.808900
-8.220143,2.773168,4.486272
-6.884737,1.987248,2.771373
-8.356617,1.745426,2.458321
-13.844295,3.278959,3.020377
-9.510657,2.012986,1.595185
-8.455979,1.505998,3.676408
-8.560130,3.169421,1.267768
-10.357632,3.330436,0.917605
-9.148523,2.373324,1.870527
-8.893533,2.674404,3.074248
-9.486715,3.041926,2.611555
-9.511256,2.565465,1.684970
-8.939024,2.721691,2.278751
-9.142538,3.131711,2.643877
-9.403514,2.658243,2.235654
-9.074899,2.613949,2.175797
-9.270033,2.483461,2.729473
-9.302954,2.671412,2.178790
-9.513650,2.176395,1.636486
-10.066728,2.123123,1.583812
-10.186441,2.164424,1.331216
-9.761458,2.091997,1.552088
-9.155108,2.660637,1.546102
-9.086272,2.652257,1.462901
-9.262251,2.582823,1.325231
-9.477736,2.025556,1.529941
-9.637554,1.965699,1.671203
-9.570514,2.230266,1.732856
-9.409499,2.552296,1.678386
-9.374782,2.809681,1.656239
-9.352635,2.655250,1.675992
-9.508862,2.466103,1.670605
-9.425661,2.345192,1.813064
-9.510059,2.393676,1.567651
-9.334080,2.437371,1.599375
-9.472948,2.439167,1.766376
-9.507066,2.364944,1.711906
-9.365205,2.452934,1.655641
-9.394535,2.417020,1.671802
-9.440625,2.381106,1.672999
-9.416084,2.373324,1.642472
-9.402915,2.411034,1.667612
-9.371790,2.586415,1.628705
-9.399922,2.547508,1.622121
-9.390345,2.612153,1.681978
-9.362212,2.496031,1.708913
-9.356825,2.556486,1.744827
-9.402915,2.495432,1.786128
-9.329890,2.536135,1.828627
-9.329890,2.606766,1.880104
-9.355628,2.624723,1.883097
-9.311334,2.684580,1.896265
-9.349044,2.669017,1.829824
-9.360417,2.542719,1.854964
-9.400521,2.473285,1.781938
-9.425661,2.441561,1.780143
-9.354431,2.471490,1.803487
-9.383761,2.493038,1.814261
-9.401119,2.482862,1.922602
-9.396331,2.517579,1.845985
-9.405908,2.489447,1.879505
-9.369994,2.508002,1.931581
-9.457385,2.402654,1.837007
-9.332883,2.494834,1.786128
-9.321510,2.584619,1.826233
-9.319714,2.617540,1.819648
-9.372388,2.718100,2.048302
-9.310137,2.800702,2.207521
-9.307144,2.843799,2.342797
-9.480130,2.957527,2.868341
-9.994900,2.818061,3.102980
-9.460378,2.430787,0.685361
-5.822277,1.607156,2.048302
-4.602993,3.017983,2.638490
-6.858400,2.723487,5.858790
-11.948029,7.682030,3.719505
-8.496084,2.968900,4.543136
-10.863423,5.066883,5.163852
-12.578921,4.945374,4.955550
-11.256682,3.295719,3.753025
-9.310736,1.718490,2.646870
-7.689811,1.770566,2.390084
-5.626545,1.353962,2.185374
-5.814496,2.425400,1.802888
-9.050358,3.708731,1.797501
-9.462173,3.263396,2.244632
-9.405908,2.061470,2.224879
-11.329109,1.057670,2.638490
-9.957190,2.576239,3.294522
-8.690020,3.669226,2.148861
-8.860013,2.868341,2.147065
-8.974340,1.610149,1.586207
-9.660898,2.129108,1.920806
-9.747092,1.980663,1.802290
-9.762056,1.971685,1.820845
-9.640547,2.124918,1.980663
-9.370592,2.503812,1.643071
-9.411295,2.250019,1.460507
-9.380169,2.258399,1.276148
-9.395134,2.154248,1.588601
-9.643540,1.929186,1.632895
-9.443019,2.039323,1.680182
-9.441822,2.129108,1.707716
-9.314925,2.375719,1.640078
-9.451998,2.104567,1.773559
-9.510657,2.079427,1.968692
-9.550762,2.162030,1.981262
-9.508263,1.984853,1.922602
-9.499285,2.235654,1.946545
-9.451998,2.257202,1.890279
-9.507066,2.230865,1.829225
-9.429851,2.148861,1.784333
-9.471152,2.155445,1.798100
-9.485518,2.220689,1.752010
-9.385557,2.279948,1.699336
-9.530410,2.216499,1.649655
-9.490905,2.175797,1.643669
-9.423266,2.281743,1.634092
-9.493299,2.363747,1.752010
-9.443019,2.433780,1.689160
-9.384359,2.379909,1.717293
-9.398725,2.346987,1.720884
-9.478335,2.176994,1.702927
-9.360417,2.330826,1.757996
-9.389747,2.466103,1.746623
-9.360417,2.558881,1.710709
-9.362811,2.954535,1.714899
-9.402915,2.671412,1.804684
-9.203592,2.615146,1.670006
-9.370592,2.562472,1.496421
-9.596253,1.874118,1.520963
-9.560339,2.103968,1.756200
-9.405309,2.534339,2.263786
-9.401718,2.792322,2.287130
-9.630371,2.271568,2.078829
-9.302954,2.845595,1.607156
-9.438231,3.041926,1.787924
-9.593858,2.780351,2.038724
-9.787196,2.499622,2.097983
-9.873989,2.453533,2.494235
-9.973351,1.951932,2.895875
-9.173065,1.926194,2.990449
-8.148315,2.003409,1.121717
-7.273208,1.265972,5.591230
-8.184828,3.686584,2.074639
-10.645544,1.525153,1.656239
-10.157710,1.797501,6.052128
-8.338061,2.519974,2.037527
-7.513832,3.497436,3.287937
-9.793780,1.843591,2.368536
-9.639350,1.413220,1.811867
-8.816318,2.588809,2.420611
-9.019233,3.040130,2.279948
-9.253871,3.130514,2.791125
-9.520833,2.862954,3.287339
-8.877372,2.813871,3.275966
-9.838075,3.131112,3.313676
-8.853429,3.802706,2.447547
-7.874171,2.675003,2.953337
-8.093247,2.712713,3.302902
-8.805544,2.141080,4.103786
-8.634353,1.300689,4.719714
-8.827092,2.223084,3.879922
-8.636747,2.455328,3.071255
-8.389538,1.953728,3.125725
-10.943631,2.958126,3.210722
-9.080885,2.472088,2.068653
-8.260846,1.544905,1.721483
-8.476929,2.523565,1.204918
-9.637554,2.321249,2.557684
-9.879376,4.422225,3.080833
-8.898322,4.585036,2.906649
-9.194613,3.451347,3.262199
-10.014054,2.477475,3.146077
-8.998881,3.819466,2.520572
-8.396123,3.389694,2.797710
-8.431438,1.710709,1.691555
-8.342850,0.620715,2.078230
-9.320911,1.869928,5.798933
-9.527417,2.662433,5.727105
-8.158491,2.845595,4.325855
-9.092258,2.723487,4.579649
-9.180846,2.268575,3.869746
-9.171868,2.012986,3.172414
-8.481718,1.330019,2.782745
-8.412284,0.348965,3.352583
-7.528198,1.002602,2.479271
-9.565127,1.930982,2.908445
-9.059935,3.426805,1.434769
-11.033416,5.196773,2.491242
-9.797372,2.512791,2.830032
-8.980326,3.550110,1.540715
-10.494704,2.853376,-0.298685
-11.711595,0.719479,0.645855
-9.022824,3.580637,1.130097
-7.379154,1.789720,1.246220
-5.156070,0.384281,1.048093
-6.730904,1.160624,5.378139
-7.591048,2.636096,6.144307
-6.586051,5.452362,5.878543
-10.356435,10.137359,8.153104
-12.607652,6.186805,7.858009
-10.002082,2.848588,5.953364
-8.719350,1.359948,3.912843
-7.140924,1.618529,3.192765
-5.836044,2.054287,2.604970
-5.450566,2.652257,2.135094
-7.018816,3.914639,0.090383
-11.678673,3.674014,3.261002
-11.502095,0.512374,4.160052
-10.965778,1.082810,1.356356
-11.071126,4.555706,1.384489
-8.634353,3.955940,-0.738633
-8.939024,3.179596,1.638881
-8.783396,1.387482,2.850384
-8.388341,0.833207,3.071255
-7.786181,1.550292,2.203929
-7.315706,2.236252,2.294313
-5.645699,2.721691,6.682420
-6.694392,3.808094,5.054912
-8.876175,9.678855,3.606376
-13.512089,10.143943,8.458374
-11.101054,4.348601,5.153077
-9.688432,2.784541,3.671021
-8.275212,0.773350,2.711516
-7.962759,0.846376,2.604372
-7.780794,-0.228653,0.098763
-5.953364,-0.041301,1.740637
-5.557111,0.400442,0.577020
-7.175042,-0.780533,3.202941
-12.173690,2.582225,2.697150
-12.850671,6.453767,5.769603
-12.972180,5.749252,7.410878
-8.987508,5.360182,6.235888
-6.475914,5.798933,4.764606
-4.856187,2.898269,4.684398
-6.324476,-0.162212,4.322863
-3.952349,1.531737,-0.847573
-2.265582,4.163045,-1.377905
-1.522160,8.632557,6.565699
-0.301678,14.773872,10.792193
-4.422225,8.541575,9.667482
-19.611504,18.878258,9.629174
-5.962941,7.371972,3.272973
-4.343812,3.454339,5.654079
-8.756461,3.893689,2.572648
-11.089682,3.908653,1.598178
-6.739284,1.759791,-2.929395
-8.870788,-2.452335,1.182173
-8.432635,-2.830631,-0.060455
-7.472531,-1.028341,2.528354
-8.873780,2.768978,2.075836
-13.060768,3.405257,4.117554
-13.239142,4.400078,4.889707
-11.336891,3.721900,2.795315
-9.365205,2.686974,2.272765
-8.141731,1.814261,1.599974
-7.720338,2.434977,0.864931
-7.449785,1.491034,1.161821
-6.863188,-0.356148,1.905244
-6.003643,2.109954,2.793520
-5.648692,5.621158,6.027586
-6.022798,9.940430,7.643722
-5.240468,9.309538,7.008042
-6.239480,6.018608,8.424255
-5.995264,7.400104,9.614210
-8.050748,9.258660,8.147118
-6.867378,6.245465,6.264021
-5.145296,4.835237,5.395498
-6.225114,4.577254,3.489056
-8.229122,5.173429,2.519974
-9.010853,2.559479,1.835211
-10.050566,0.409420,0.219674
-11.701419,-0.372908,3.293324
-9.144932,1.623916,4.421626
-10.128380,3.810488,2.684580
-9.820117,4.251034,3.541730
-10.966975,3.447755,3.259805
-9.771035,3.020976,2.644476
-6.671646,0.826623,2.196148
-7.116981,0.220871,2.335615
-7.041562,1.170800,2.603175
-6.126350,3.263396,3.044918
-4.919037,4.298321,3.322654
-7.720338,5.715133,6.168250
-9.524425,5.373351,3.706935
-16.333143,0.676981,6.647703
-12.783032,1.941158,6.363383
-10.379779,1.246220,3.518985
-7.356409,0.858347,2.412231
-6.298139,0.521951,2.266779
-5.358985,1.100169,1.704723
-5.731295,0.598568,1.527547
-7.238491,0.264567,2.227872
-7.747873,0.308861,2.434378
-10.919090,0.190344,4.556903
-15.942278,2.755211,7.552739
-11.243514,6.361588,5.356591
-11.435056,8.482915,7.410878
-8.851633,5.684008,5.613975
-6.909876,3.093402,3.722498
-5.882733,1.822641,2.110553
-3.836825,1.656239,1.547300
-4.756226,2.026155,1.872322
-5.364372,2.319453,2.314665
-8.140534,1.637085,4.706545
-9.490306,2.699544,6.402889
-11.312349,6.535771,7.546754
-11.043592,9.265843,8.120781
-10.575511,6.794951,7.121770
-8.346441,1.894469,5.257228
-6.178426,1.622121,4.683201
-4.763409,2.004007,3.767391
-4.575459,1.613741,2.109356
-6.140716,1.072635,2.086011
-9.584281,2.048302,4.775381
-9.050957,0.579414,5.188991
-10.591074,1.864541,5.630137
-9.858426,6.193390,6.740482
-8.151907,3.578243,6.298139
-7.398907,3.076643,4.389902
-7.807131,1.953129,3.781158
-8.050748,0.756590,3.837423
-7.427638,1.104957,3.170618
-7.828081,2.671412,2.118933
-8.673260,1.997423,2.753415
-8.006454,2.106363,3.071255
-7.877163,1.248015,3.933793
-9.528615,1.287521,3.186181
-9.602837,8.202785,8.301549
-8.601432,7.583865,7.216344
-8.458972,5.888120,6.712349
-6.613585,4.787950,4.892700
-4.674821,3.605777,3.241249
-5.089629,3.926610,2.592999
-7.528198,3.252622,2.945556
-9.491503,2.403253,4.438985
-8.287782,1.844190,5.491867
-6.782381,1.395263,4.737072
-8.682837,1.161821,4.757423
-9.735121,6.675836,7.248666
-9.486715,5.406870,7.944203
-8.431438,3.725491,6.576474
-7.665869,2.373324,4.910058
-6.976916,2.294313,3.865556
-6.887729,1.614938,3.566870
-6.448380,1.179180,2.783344
-6.794951,0.486636,3.169421
-7.419258,1.961509,4.063682
-9.396331,1.194743,6.358595
-10.545583,3.447157,5.322472
-11.488927,4.686194,5.161457
-10.527626,4.425218,4.941783
-8.947404,4.359974,4.394691
-7.301939,3.241848,2.452335
-6.999662,0.806870,1.785530
-7.437215,0.730253,2.466701
-8.473338,-0.382485,2.950345
-8.247079,1.148054,3.745842
-9.227534,3.413637,4.482680
-8.701991,3.997840,4.638907
-8.683436,3.635706,4.427612
-8.358413,2.740247,3.332830
-8.687625,2.912635,4.917241
-8.883357,2.462511,3.691971
-9.191022,2.320650,2.952140
-8.921067,2.363747,2.648666
-9.281406,1.752609,2.853376
-8.865400,2.150657,2.958725
-9.696812,2.913832,3.474691
-9.006064,3.514795,2.671412
-9.016240,2.990449,2.493038
-8.340456,3.575849,3.415432
-9.882967,3.137697,8.498478
-7.460560,1.569447,0.570435
-10.796982,3.852986,2.949746
-9.903917,0.829017,3.450748
-9.149721,1.717293,2.707326
-9.730931,3.022173,1.564059
-9.073104,3.404060,3.108965
-9.116799,3.248432,2.596590
-8.824099,2.779154,3.101184
-9.032401,2.677996,2.510995
-8.825296,2.819258,2.324242
-8.922863,2.624723,2.381106
-9.150319,3.004814,2.968900
-9.422668,2.850384,2.750423
-8.897723,2.640286,2.587612
-9.556747,2.393077,2.784541
-9.288588,2.044710,2.411633
-9.490306,2.311073,3.384307
-9.724346,2.829434,3.839818
-9.908706,2.567859,3.729082
-9.479532,2.910240,4.262407
-7.972336,4.300716,5.292544
-6.926038,2.700143,3.916434
-6.049135,4.413845,4.140898
-7.108003,4.061288,4.792140
-6.537567,3.455537,4.919037
